0.153622
0.410803
0.0199143
0.134983
-0.0793099
-0.297968
-0.107077
0.556616
-0.00934135
0.449352
0.756061
0.420142
-0.0644542
0.000283928
0.0500629
0.0266804
-0.340454
-0.191819
-0.259474
0.060103
0.0444773
0.11501
-0.258226
0.0979922
-0.371445
-0.0487528
0.123148
-0.275758
-0.23365
-0.00856305
1.24861
0.0420153
0.0828548
0.0909167
0.140912
0.199255
0.188536
-0.215014
0.306507
0.115105
0.142576
-0.0922561
0.187087
0.283852
0.0800232
-0.0546262
0.0533044
0.136653
-0.268111
-0.0862441
-0.270675
0.0525319
-0.579861
-0.0480354
-0.553467
-0.130507
-0.0296196
0.113616
0.181244
0.0562251
0.0838787
0.342837
0.12695
0.0920476
0.0488121
-0.174364
0.633563
0.368919
-0.0757762
0.0167768
-0.165969
0.00899994
0.590406
0.0809494
0.158261
-0.283353
-0.0327394
0.0348442
0.150956
0.115011
-0.346477
-0.0955918
0.0262197
0.085438
0.00958616
-0.0357495
0.0309155
0.176807
-0.0221767
0.154237
0.152007
0.2177
0.0244529
0.0272357
0.0117638
0.0723276
0.0260698
-0.0269902
0.0236758
0.0923355
-0.0320835
0.0480163
0.0235789
0.283171
0.0135934
0.0124412
-0.172709
0.345429
0.111635
0.171548
-0.0407315
-0.0594714
-0.0471925
0.134151
-0.221091
0.0796947
0.513162
0.55843
0.414598
0.310464
0.502626
0.305447
0.649679
0.149339
-0.0894954
0.0770998
-0.123904
0.281008
0.234385
0.3532
0.191022
0.265778
0.137603
0.0907199
-0.319608
0.115884
0.163647
0.242995
0.178268
0.197555
0.190344
0.451892
0.462772
0.0337299
0.0284896
-0.0346918
-0.202915
0.158962
0.307885
-0.0106775
0.463955
0.0607193
0.448124
0.216826
0.109181
0.242419
0.368829
0.151837
-0.0700364
0.128375
0.208018
-0.209084
-0.281066
0.255446
0.0767591
0.0184884
0.149028
0.0623499
-0.0890237
0.00340666
0.36723
0.450892
0.147074
0.128451
-0.37183
-0.10161
0.242635
0.0635148
0.0128428
-0.583867
-0.00165524
-0.112401
0.199083
-0.135632
-0.0877971
0.564952
0.14599
0.202256
0.0551408
0.335525
0.207155
0.343112
0.0322664
0.128726
0.0397613
0.176296
-0.0374798
0.0172482
-0.080475
-0.196239
-0.176961
0.135937
-0.0937783
0.172845
-0.0440685
0.146947
-0.0773291
-0.0921238
0.149752
-0.199097
-0.0724258
0.130694
-0.0654906
0.111263
0.0773409
0.116961
0.148789
-0.0718846
-0.163415
0.178871
-0.0470224
0.278009
-0.0602423
0.74541
-0.0515212
0.0794223
0.0632822
-0.705043
-0.101862
0.109746
-0.21174
0.279564
0.220957
-0.0984196
0.224739
-0.0428963
-0.0551385
0.0781825
-0.0204389
0.127475
-0.351191
-0.0407441
-0.0557068
0.237481
-0.00228383
0.0183306
-0.0633394
0.262801
-0.0573023
-0.181955
0.0883444
-0.0316318
-0.0969208
-0.205548
-0.0322826
-0.377125
-0.256001
0.0954725
0.119193
0.108804
-0.206555
0.288743
0.0549245
-0.154082
0.142489
0.117226
-0.179135
0.139121
0.0471419
0.587426
-0.00748075
-0.186964
0.0624715
0.405894
-0.0496417
0.0312956
-0.0688196
0.107457
-0.189239
0.167788
-0.221395
0.609149
-0.0454247
-0.398873
0.0207585
0.066218
0.415498
0.931365
0.509281
0.134092
-0.40852
-0.381748
-0.036159
-0.121655
0.138105
-0.0702108
-0.805636
0.376867
-0.135232
0.113464
-0.0954316
0.192574
-0.324679
-0.265023
0.109259
0.102853
-0.247284
-0.108817
-0.315701
-0.0396309
0.158704
-0.419079
0.209583
0.783345
-0.00464221
0.323335
0.195087
0.0629979
0.102292
0.264089
-0.0746296
0.0595774
0.0339922
0.0963262
0.332991
0.0835696
0.0960783
-0.33512
-0.0411954
0.048447
0.160033
0.237987
0.182131
0.0815675
0.127475
0.106917
-0.13491
0.124483
-0.0210396
0.21304
0.0602621
0.269465
-0.0265243
-0.278621
0.101146
0.421846
0.04742
-0.148533
0.0529638
0.254316
0.132952
0.158559
-0.0724612
-0.191476
0.134955
0.12368
-0.0711183
0.0794811
-0.415265
0.305936
-0.0943736
0.128824
-0.0773187
-0.0427095
0.0717199
-0.0162771
-0.128501
0.148297
-0.107626
-0.0491567
-0.00641843
-0.334112
0.0965259
0.231804
1.21538
-0.279845
-0.247982
0.339145
0.227775
0.140339
-0.205197
0.170496
0.33189
0.118052
-0.0448435
0.0934244
0.000760175
-0.209767
-0.0708015
-0.136126
-0.0617192
0.0334563
-0.032038
0.151676
-0.0873029
0.293912
0.0707901
0.279126
0.0123175
-0.0433232
0.323756
0.0510031
0.204772
-0.236787
-0.263412
-0.219113
0.259954
0.352545
-0.668872
-0.324054
-0.116827
1.01451
0.0986317
0.826542
-0.088472
0.291678
-0.000152754
-0.103721
-0.0092793
0.0378786
0.034721
0.0717356
0.349042
-0.628106
0.238788
0.166783
0.0351015
-0.173248
0.0244501
0.376571
-0.163851
0.266202
0.111532
0.188791
-0.138083
0.188163
0.0387485
0.0676364
0.039339
0.0710404
-0.0101579
-0.223932
0.103733
0.187214
0.172411
0.342188
0.0752583
0.160213
0.194784
-0.348211
0.00480059
0.149761
-0.0162685
0.0748388
-0.13633
-0.0206259
0.0672306
0.156804
0.475469
0.399503
0.541848
-0.0370964
0.184483
0.036028
0.276099
0.0323809
-0.118637
-0.0254763
0.113825
0.093934
0.273503
0.0142173
0.0996295
-0.0297934
-0.0384105
-0.16377
0.19296
0.992587
0.0195581
0.396618
0.182251
0.00993509
-0.123729
0.372813
0.533814
0.217884
0.101384
0.283175
-0.0426843
-0.178116
-0.0953654
0.133356
0.102435
0.121901
0.0487037
0.458524
0.239166
0.16281
-0.153098
0.284036
-0.40751
0.274115
0.283125
-0.045913
0.252685
0.372728
-0.142334
0.23276
0.436888
0.31343
0.23464
0.0135725
0.245072
0.0045095
-0.496002
0.0430435
0.0795084
-0.0321107
0.0279671
0.0599084
-0.000679961
0.437232
-0.133954
-0.119292
0.0489465
-0.0274465
-0.106748
-0.0471073
0.145959
0.315849
0.099015
-0.019673
-0.121032
-0.046582
0.160384
-0.0263397
0.057885
0.424907
0.20154
0.210394
-0.0600013
-0.0684993
0.0529044
0.139782
-0.0299494
-0.0375117
-0.0733119
-0.130068
-0.208751
-0.00713894
0.0591098
0.0194572
0.140276
0.25097
-0.0768967
0.0675923
-0.190633
0.0238281
-0.191343
-0.102828
-0.113692
-0.0151236
0.10038
-0.147541
-0.189515
-0.151279
0.201144
0.121581
-0.407727
-0.120017
-0.52364
0.281312
-0.050316
0.0367406
-0.0329359
-0.0985167
0.45063
-0.129942
0.00129728
-0.247389
0.0340032
-0.0721905
0.0345875
0.454803
0.197392
0.550047
-0.106367
-0.0366755
0.0302539
0.160299
0.130977
0.198618
-0.679321
0.0652877
-0.019251
0.126723
0.0757198
0.201221
0.110619
-0.302758
-0.237496
-0.212416
-0.106483
-0.11343
0.470382
-0.028085
0.0518219
-0.173216
0.0157301
0.000330697
0.223135
-0.0584773
0.191402
0.211757
-0.13147
0.78061
-0.0836441
-0.194785
0.633865
-0.00629182
-0.312918
-0.478272
-0.0046346
0.779982
0.118859
-0.764819
-0.752355
0.421782
-0.238055
0.113534
-0.0100969
0.103842
0.144567
-0.0460296
0.141673
-0.317864
-0.0768553
0.109018
-0.0116038
0.0530927
0.0330744
0.00154507
0.158074
0.0798531
-0.0323927
0.0196657
-0.17094
-0.402917
0.19689
-0.136601
-0.0296276
0.15959
-0.0108706
0.148938
0.085084
0.181621
-0.00133388
0.102081
0.152039
0.27394
-0.0168657
0.189552
0.0154492
-0.117453
-0.387549
0.00253639
-0.135237
-0.0712973
-0.0690899
-0.0629659
0.162962
-0.166289
-0.25381
-0.249991
-0.102158
0.226188
0.233193
0.673212
0.416564
0.0972666
-0.00860719
0.305213
0.0889986
0.188807
-0.00174797
-0.0366268
-0.0673685
-0.0911027
-0.0612393
-0.00470205
0.0165751
0.157755
0.189679
0.0898408
0.040838
-0.121057
-0.0667537
0.0087794
-0.0228442
-0.00807202
0.104968
0.415116
-0.0211257
-0.278516
-0.176476
0.174186
-0.316476
-0.00922406
0.0642855
0.218022
0.0642305
0.104093
0.0410305
0.223187
-0.119505
-0.131301
-0.122656
-0.154455
-0.425548
-0.0336664
0.189937
-0.0528122
0.268519
0.116063
0.136611
-0.0305872
0.0281723
0.192857
0.0313345
0.664731
0.711534
-0.115906
-0.1722
0.215094
0.071197
-0.0199045
-0.180572
-0.05534
0.0752688
-0.0500523
-0.311204
0.11494
-0.0091076
0.244362
0.106941
0.12782
-0.059378
-0.0698906
-0.163125
0.0639334
0.144128
0.52425
0.56883
0.326563
0.188131
0.269149
0.182327
-0.158555
-0.0505974
-0.0919733
0.106272
0.327031
0.263979
-0.0394498
-0.0775044
-0.464489
-0.190309
-0.172672
0.181403
-0.267065
0.017836
0.0499562
0.296104
0.0209984
0.107717
0.0690699
0.130694
0.173533
0.0601895
0.0568513
0.0485297
-0.0629889
0.0245217
0.0504091
0.0615971
0.0958587
0.0273383
0.159338
0.00279069
-0.0364434
0.278057
-0.0318065
-0.149534
0.135607
0.197827
0.180543
0.15326
0.341053
0.521157
-0.369876
-0.0594899
0.0838384
0.0868465
0.159104
-0.0901008
-0.215547
0.0350793
0.0630801
0.415048
0.369343
-0.108025
0.152684
0.0652349
0.127847
0.133091
0.246881
-0.210846
0.174456
0.189826
-0.305777
-0.0235934
0.0722197
0.0953751
0.062888
0.360426
-0.234812
-0.400479
-0.479033
0.121076
0.276227
-0.24828
0.22363
0.00542844
0.0385617
0.169924
0.0759205
0.00579651
0.209061
0.241118
0.195445
0.136649
0.323164
0.101457
0.0454758
0.318079
0.357173
0.199085
0.638003
0.00744925
0.058306
0.107698
0.101703
0.145336
0.205879
0.0775943
0.0135578
0.0858815
0.0378871
0.646671
0.449929
0.0583548
0.0206488
-0.101923
0.0450131
0.124028
0.045385
-0.0703881
0.0732293
0.0517979
0.464335
0.31255
0.0823069
0.0833713
-0.0806611
-0.239976
0.121211
0.214296
-0.228812
0.00763532
0.0965238
-0.368765
-0.0261112
-0.129863
-0.150593
-0.119051
0.185248
-0.146743
0.313756
-0.136398
-0.0267113
-0.117704
0.516588
-0.0584589
0.344926
0.300776
0.369586
-0.227467
-0.142306
0.964783
0.559606
0.305112
0.00162869
-0.0377092
-0.174298
-0.0703959
-0.181274
-0.0690733
0.054702
0.0675041
0.23869
-0.0217106
-0.0939138
-0.129924
0.239971
0.382182
0.148636
-0.0138696
-0.086852
-0.149995
0.0702812
0.329295
0.26036
0.0898858
-0.0459999
0.230394
0.0045075
0.10233
0.0919397
-0.105494
-0.0412718
0.681522
1.0816
0.0191356
0.0233375
0.201713
-0.32146
-0.0293507
0.87368
0.167614
-0.161237
-0.0608901
0.209889
0.175393
0.561149
0.0899998
-0.0918462
0.0221559
-0.00701533
-0.173964
-0.0688195
-0.210809
-0.0886716
-0.0731402
0.0624369
0.186816
0.137272
-0.213591
-0.0535394
0.0183306
-0.124514
0.12044
-0.0373351
-0.0223781
0.181382
-0.0448003
-0.204881
-0.337674
0.056045
0.194868
0.144565
0.274954
0.0820513
0.139468
0.205032
0.240379
0.120183
0.104223
0.0786599
-0.771645
-0.0236545
0.0838826
0.00195305
0.32839
1.13076
0.159444
-0.054007
0.0598137
0.11213
-0.181443
0.172047
-0.0940869
0.377637
0.328943
0.180962
0.229641
0.0270728
0.312671
0.168454
-0.287574
-0.0870567
-0.175958
-0.165806
-0.01001
-0.430961
-0.392879
0.361349
0.242531
1.25947
0.375397
0.125619
0.429744
0.12121
-0.00608242
0.0545406
0.0723447
-0.124705
-0.0675015
-0.284047
0.0643642
0.193297
0.0690687
0.0633576
0.0837756
-0.254526
-0.152819
-0.040816
0.287469
0.221625
-0.0698753
0.0606216
0.28464
0.291481
0.32656
0.161163
0.704742
-0.402736
0.254363
0.196413
0.043549
0.0161868
0.0795074
0.0130075
-0.625533
0.211215
0.591972
0.523539
0.284401
-0.549082
-0.235454
-0.0898526
0.0902635
0.479958
0.0188599
0.116194
0.0738974
-0.0336337
-0.382532
0.660885
0.0707382
-0.157406
0.207749
-0.0562958
0.269799
-0.0369072
-0.102487
-0.416103
-0.406357
0.396635
0.0458621
-0.323874
0.201721
0.319551
-0.0418302
-0.0908953
0.0838712
-0.102419
-0.179232
0.227549
0.208733
0.0345678
-0.220571
0.555704
0.296277
0.163669
0.418554
0.223567
0.212132
0.0484226
0.110141
0.269232
0.164465
0.300977
0.227002
-0.117473
0.0727526
0.327873
0.562164
0.148902
0.115995
0.139222
0.118777
0.0546341
0.0258812
0.5797
0.44234
1.17613
-0.0586181
0.129758
-0.127137
0.509824
0.719756
0.166234
-0.0350241
0.363483
0.080535
-0.444541
-0.0729557
-0.33057
0.00377722
-0.070586
0.111435
-0.470852
0.428758
0.282941
0.185545
0.138432
0.0226505
-0.0768342
-0.111724
-0.0746043
-0.0641518
-0.00880707
0.179125
0.166967
0.249168
0.295811
0.128612
0.0723436
0.134131
0.455899
0.591585
-0.138291
0.0499768
-0.0379899
-0.145908
-0.255222
-0.50737
-0.47877
-0.114211
-0.304016
0.0997184
-0.00186484
0.253581
0.156748
0.185775
0.113284
-0.0698438
0.0295234
0.20655
0.33205
0.184576
0.197666
-0.133588
-0.178718
0.0572632
0.462747
-0.16028
0.0599992
0.0137882
0.458299
0.590211
0.44398
0.629664
0.246885
0.0815467
0.360944
-0.323064
0.186212
0.0587987
0.0982363
0.0876355
0.0486233
0.00384404
0.656257
0.212059
0.249025
0.0899237
0.157598
0.245862
0.0955309
0.0100336
0.0995545
0.109297
0.217164
0.050243
0.066569
0.250711
0.0937058
0.330637
0.329714
0.119949
-0.282699
-0.16874
0.238917
0.193882
0.0794165
-0.0543272
0.109852
-0.090904
0.0265418
1.20898
0.39558
0.0840095
0.0947993
0.171723
-0.227451
0.301107
0.0902128
-0.260696
0.310781
0.0380335
-0.148087
-0.00350297
-0.0184749
-0.039186
-0.281282
0.140741
-0.133186
-0.024093
-0.149915
0.113584
0.53148
0.55036
0.516967
0.523848
0.315915
-0.259764
0.0383792
0.633516
0.0169342
0.0460326
0.103594
0.622011
0.725764
0.0680718
0.0737205
-0.168546
-0.191446
-0.106275
-0.0517337
-0.0322257
0.072491
0.0837236
0.0500486
-0.0621015
-0.0805628
-0.0904774
-0.15634
-0.0368906
-0.0874785
0.113889
0.0867526
1.14261
1.16804
0.187424
-0.0223256
0.490077
0.516056
0.106464
0.0205016
0.133575
0.276737
0.0103927
0.296055
-0.0864047
0.166491
0.0123841
1.44124
0.193614
0.29646
0.17309
0.227219
0.104314
0.205483
0.0497088
-0.184346
0.0254489
0.0958878
0.170636
0.405569
-0.125447
-0.137647
-0.0584564
0.124511
-0.024418
-0.017786
-0.058029
0.281225
0.281665
0.279415
0.0557527
0.175023
0.0844739
0.131628
0.0926102
0.341964
0.0447011
-0.0612921
-0.0805597
0.959226
-0.0675665
-0.0653014
-0.325351
0.227695
0.00558282
0.424764
0.0764372
0.655572
0.357014
0.171701
0.198756
-0.145145
0.229822
0.372088
0.0898315
0.385708
0.0039406
-0.0188308
0.0138542
0.0449331
-0.171769
0.0126474
0.104478
0.101469
-0.0993463
-0.0654712
-0.060225
-0.187289
-0.0510049
-0.0624463
-0.0705382
0.317293
-0.10832
-0.145027
0.0469303
-0.31837
-0.0186529
0.636969
0.610956
0.25404
-0.0390339
0.512271
0.31257
0.00947666
0.266318
0.0927932
0.199175
-0.0890036
-0.0434524
0.409517
-0.343125
0.227233
0.258185
0.722264
-0.168968
0.111136
1.24691
0.31549
-0.124863
-0.0538018
0.0682723
-0.138749
-0.144351
0.284355
-0.468619
0.210352
0.225476
-0.452173
0.377652
-0.12959
-0.282364
-0.256529
0.330544
-0.170075
0.13204
0.0868767
0.281552
-0.0119526
-0.207732
-0.218068
-0.24143
-0.126929
0.156824
0.245917
0.0286983
0.116685
0.153672
0.282723
0.193274
0.158119
0.0237069
-0.0790202
0.107759
-0.213748
-0.12572
-0.155374
-0.125082
0.124511
0.0923784
-0.432713
-0.50662
0.00609133
0.00421464
-0.0988109
0.124998
-0.0456517
-0.0336371
-0.0198483
-0.0122169
0.282603
-0.0115929
0.0247903
-0.142428
-0.14481
-0.297112
-0.225486
0.0572214
0.0109182
-0.00419705
0.0641933
0.639554
0.503661
0.308827
-0.10855
0.104434
0.145161
0.611066
0.444098
1.31464
-0.28099
0.083083
-0.00702515
-0.000554702
0.0399987
0.138098
0.0398437
0.184803
0.0322942
0.0150669
0.118681
-0.180606
0.161678
0.0986077
0.255353
-0.0804308
-0.0575618
0.214126
0.0922519
0.0186361
0.0470996
0.0860824
0.260275
0.0146626
-0.554287
-0.0372547
-0.0406552
-0.119064
-0.118
-0.0118158
0.199531
0.0687561
0.0536889
0.378541
0.25179
-0.0797001
-0.160822
0.0827114
0.0411814
0.00510959
0.144826
0.191708
0.279633
0.027501
-0.125462
-0.192295
0.0957026
-0.0383188
0.287992
-0.117897
-0.378411
0.0584989
0.491453
-0.199468
0.0604692
-0.261678
0.171303
0.129114
0.231144
0.642941
0.24588
0.438233
0.11052
0.412693
-0.110832
-0.195546
-0.234428
-0.0506196
0.504784
0.373363
0.130939
0.249542
0.0164943
0.101603
0.0778947
1.30827
1.14356
0.148233
0.11945
0.155486
0.174718
0.0354357
0.265025
-0.0527578
0.271126
0.0675295
0.155434
-0.135543
-0.0740085
-0.0470567
0.492174
0.44458
-0.110818
-0.180175
-0.0612171
0.178683
0.315757
0.0296957
0.2058
0.173634
-0.0138004
0.352662
-0.0104286
-0.0999907
0.212252
-0.133644
-0.2967
0.0032458
0.591475
-0.317218
0.162132
0.106251
0.0125357
0.0487273
0.687957
0.00688103
0.451187
-1.77323e-05
0.0482939
-0.44736
-0.0891158
0.124918
1.37749
0.346365
0.62081
-0.015374
0.0863356
0.0984545
0.116866
-0.253844
0.0766574
0.444764
-0.00608539
-0.00196249
-0.1328
0.0247846
0.427291
0.248618
0.42829
-0.330886
0.667152
0.28296
-0.0237926
0.2592
0.02736
0.00385281
-0.0200092
0.0802316
0.223431
-0.0624426
-0.204858
-0.232841
-0.0637842
-0.477386
0.193205
-0.144631
-0.1895
0.100914
-0.00531025
0.0303495
0.6674
0.0814791
0.235767
0.183846
-0.439015
0.0785948
-0.020787
0.0571803
0.125769
0.117506
0.307362
0.0855222
0.21904
0.0741614
0.232384
0.300894
0.248132
-0.012598
0.0903492
0.654335
0.27625
0.107186
-0.320826
0.0147471
-0.0314248
0.23015
0.311154
0.0769497
0.342771
0.0015867
0.257444
-0.0979718
0.401907
0.209343
-0.00414825
-0.0486161
0.00634508
-0.531756
0.479216
0.0344932
0.405913
0.701898
0.20394
-0.369347
0.26539
0.042574
0.0496203
0.0696605
0.0542167
0.147831
0.447229
-0.175759
0.569156
-0.00625285
0.580186
0.325328
0.168577
-0.0193268
0.276453
0.155988
-0.186057
0.790663
-0.0978569
0.0125707
0.340925
-0.0291093
0.0775385
-0.36098
0.0964991
0.234186
0.0269063
0.0318765
-0.00936288
0.193456
-0.546121
0.231063
-0.197473
-0.0850336
0.379578
0.246326
-0.144071
0.279645
0.0965162
-0.483995
-0.394918
0.0268632
-0.618765
0.413711
0.250882
0.575454
0.059842
0.140079
0.119499
-0.459528
0.259642
0.151876
0.0344309
0.0402108
0.00814723
-0.0654902
-0.21082
-0.0747446
0.275748
0.439706
0.661993
0.25209
0.382063
0.0172011
-0.185953
0.063806
-0.204126
0.193545
-0.0190654
0.180737
0.291597
0.637636
0.545852
-0.0937783
-0.0715009
0.124217
0.0851759
0.275879
-0.629786
-0.193515
0.216101
0.26595
1.12173
0.362992
-0.0881505
-0.0538401
0.0214595
-0.133536
0.368646
0.070667
0.35516
0.820283
0.187152
-0.470152
0.186666
0.0242417
0.336202
-0.0423603
0.0571352
0.560121
-0.321289
0.371206
-0.270793
0.0776533
0.227716
0.449048
-0.590097
-0.532372
0.0791188
0.158848
0.10689
-0.101095
-0.0274509
0.0185027
-0.061631
-0.0902789
0.118467
0.0192246
0.0813844
0.165361
-0.248708
-0.178911
0.567858
0.342971
0.291035
0.223988
-0.951397
-0.0356758
0.0977573
-0.0562133
-0.13676
0.111362
0.396687
-0.130687
-0.492047
0.141449
-0.0781401
0.159267
-0.07398
0.0678434
0.222303
0.121311
0.145836
-0.0985511
0.183573
0.0446928
0.122964
0.185806
-0.0132499
0.0324996
0.349565
-0.351655
0.127863
0.0370378
0.111174
1.22867
0.65392
-0.0053515
0.610567
0.0791987
-0.188896
-0.00672397
-0.0509637
0.0448152
-0.0172077
0.123408
0.224876
0.0123336
-0.111102
0.0661538
-0.243222
1.20048
0.314816
0.130761
0.343387
0.21073
0.56424
0.244557
0.00820393
0.00321764
0.658164
0.64813
-0.179821
0.441652
0.0307428
0.0847582
0.310406
0.155726
-0.0373088
0.190851
0.133953
0.100292
0.0149031
0.106362
-0.0314102
0.061029
0.0581733
0.0864436
0.219246
0.102175
-0.246222
-0.126209
0.00253639
-0.0558921
0.0292444
0.529472
0.690836
0.173391
-0.207291
0.473839
0.332041
-0.157718
-0.181884
0.262247
-0.0138364
0.274339
-0.148212
-0.169927
0.116998
0.094539
0.524073
0.0730531
0.558795
0.436778
-0.0917495
0.0185231
0.0487269
-0.233916
-0.227876
-0.0307429
0.0224376
0.319881
0.31807
0.154627
0.222147
0.23124
0.154617
0.190613
0.0750111
0.18421
0.0649005
0.310284
0.0384925
0.107169
-0.123691
0.0168381
-0.169808
0.0940978
-0.233488
0.326247
0.126669
-0.359884
-0.378125
0.274927
0.158013
0.402871
0.0543747
0.169424
0.0756238
-0.203575
1.36639
0.00725852
0.037435
0.328175
0.285254
0.709229
0.181569
0.330991
-0.705841
0.000972585
1.21017
0.49315
0.0578787
0.194095
0.547017
0.116553
0.324673
-0.0348088
-0.00496595
0.00714838
0.211758
0.228573
-0.0162512
0.0991539
0.377739
0.138526
0.0247256
-0.0193835
0.312772
-0.0822604
0.309852
-0.230698
-0.0153348
-0.640733
-0.543362
0.01496
0.0113138
0.188302
0.305913
0.0301972
0.0804036
-0.471008
0.0980707
-0.0624117
1.36478
0.151233
0.248358
0.007288
0.0805988
0.0890034
0.959024
0.19147
-0.236971
-0.166955
-0.189145
0.0456376
-0.0374964
0.160776
-0.0187229
0.135959
0.233956
-0.0424588
0.133635
-0.0504356
-0.117643
-0.425906
-0.633915
0.5493
1.03657
0.0651426
-0.0548364
0.334652
-0.341004
-0.275302
-0.25088
0.03423
0.0750807
-0.126772
-0.0447161
0.0460346
-0.395883
-0.330834
0.235919
0.374374
-0.355402
0.129211
-0.113123
0.0551699
-0.0168153
0.251518
-0.595319
0.17578
0.231389
0.0319249
0.0279722
0.280782
0.264927
0.504384
0.036028
0.0713592
0.363095
0.111179
0.127125
0.0492687
0.0538547
-0.0246888
0.121067
0.134553
0.137832
0.0965986
0.738472
-0.633915
-0.246293
-0.0153187
0.133965
-0.297917
1.0334
0.123221
0.144491
0.142519
0.12853
0.248614
0.0808712
-0.0392451
0.180216
0.122512
0.285221
-0.0230947
0.49992
0.322929
0.045798
0.0847574
0.109166
0.0296254
0.0295265
0.0357871
0.10459
-0.435769
-0.393887
0.132075
0.00800463
0.0648919
0.0548725
0.168971
0.205985
0.0341895
-0.0657655
0.12472
0.0645641
-0.0201499
0.00269114
0.880994
0.47217
0.112752
-0.0417588
0.0679379
-0.0502167
0.0662596
-0.446835
0.118752
0.149819
0.067433
-0.0898008
-0.17784
0.131655
0.0349299
0.0644743
-0.098033
-0.119592
0.0638481
-0.462333
-0.123433
-0.223679
1.07259
0.305452
-0.0312702
0.0436275
0.110627
0.0458307
0.291887
0.458917
0.0531208
-0.333864
0.0627007
-0.00102637
-0.0558536
-0.0635565
0.167592
0.299126
0.161626
0.313597
-0.00636298
-0.157837
0.285359
0.276623
-0.0418446
-0.018941
0.504787
0.654251
0.023534
-0.139591
-0.108904
-0.307786
-0.08408
-0.125959
1.20949
-0.00172842
0.234709
0.351834
0.503819
0.405024
0.144631
-0.422667
-0.125967
-0.849723
0.681973
0.0488075
0.13209
1.39306
-0.171287
0.113106
-0.19926
-0.0208683
-0.0507964
-0.543646
-0.0852729
-0.115008
0.583071
0.306791
0.0299524
0.155596
-0.39652
-0.0384436
-0.217646
-0.11669
0.223164
0.555093
-0.27139
0.351479
0.161497
0.355528
0.0466362
-0.018533
0.0995384
-0.0625763
0.446019
0.149109
0.222138
0.338626
0.274061
0.124692
0.546155
0.281665
0.00595087
0.0645615
0.0164607
0.0529784
-0.31729
0.194317
0.152839
0.121184
0.0645153
0.0843786
0.0974816
0.229873
0.598835
0.0324113
0.0170451
-0.0162732
-0.423782
0.0110473
-0.126919
0.0451238
0.496224
0.377245
0.732819
0.271419
0.163294
-0.0248607
-0.0803858
-0.506253
-0.101749
0.189623
0.0201232
0.852289
0.120088
1.21826
-0.0201821
-0.398693
0.0311049
-0.159441
0.0144636
-0.147893
0.054728
0.10991
-0.0155149
0.194642
0.0623982
0.0169923
-0.0144112
0.0756318
0.134322
0.231903
0.177849
-0.129074
-0.0802057
-0.551941
-0.0263126
-0.0566811
-0.0219493
0.401165
0.319727
-0.0717248
0.45757
0.299206
0.0655972
0.195452
-0.0480578
0.162481
-0.251615
-0.15705
-0.175152
0.115217
0.0644586
0.169679
-0.291932
-0.181151
-0.0665593
-0.0308656
0.0600416
0.0833565
0.0268262
-0.484277
0.498307
0.0787363
0.346208
0.422929
-0.081459
0.155276
0.0501578
0.207001
0.0865566
0.210137
0.0353156
0.350477
0.299596
0.437563
0.34897
0.0995706
0.139722
-0.51107
0.756048
-0.00933516
-0.167748
0.0645707
-0.136661
0.180675
1.31227
0.155008
-0.160344
0.0494944
-0.242466
-0.125584
-0.323507
-0.0937927
0.187736
-0.132937
-0.162383
-0.301153
-0.0494333
0.152168
0.0302963
0.0695377
-0.281629
0.0570533
0.0248128
0.0435133
0.244511
0.0287632
0.00981809
0.0479732
-0.0382701
0.0193383
-0.521365
-0.0678857
-0.461241
0.130759
0.121372
-0.101862
0.345477
0.203438
0.221909
-0.0510044
0.0550799
0.120742
-0.0336466
0.0457068
0.642827
-0.272225
0.0122361
-0.0320728
-0.173995
0.238485
0.237793
0.135473
0.190357
0.834697
0.509413
0.493954
0.277934
-0.022244
0.31464
-0.0230293
0.101005
-0.0485
0.167069
-0.411341
-0.0148676
0.151425
0.329415
0.165652
0.29618
-0.370708
0.0805294
-0.0845508
0.057493
-0.21988
-0.00285866
-0.0160746
0.104698
0.0215596
0.0404966
0.187147
0.456103
-0.241932
-0.100595
-0.0440059
-0.132518
0.311794
0.0927816
-0.802709
0.242616
-0.0162973
0.0957689
-0.75697
-0.283525
-0.576012
-0.169714
0.0255224
0.122274
0.12246
0.326035
0.234606
-0.0687056
0.334388
0.0622418
0.33297
-0.0926293
-0.110667
0.0747456
-0.0112248
0.264602
0.138996
-0.0130816
-0.135044
-0.0497112
0.306065
0.0245865
-0.125274
-0.128416
0.142012
0.143308
0.231456
-0.12248
0.0257468
-0.120656
-0.298153
0.489751
-0.161466
-0.0332031
0.055709
0.0375306
0.129201
0.35896
0.10449
-0.27362
0.535023
-0.663091
0.00283312
-0.0876821
-0.733274
0.246508
0.23569
0.140231
0.467996
0.220132
0.243871
0.232662
0.303566
-0.242226
0.533062
-0.229188
-0.367279
-0.310094
0.0694472
-0.0722141
-0.23698
-0.187536
-0.185566
-0.769106
0.117296
-0.158287
-0.431287
0.0154171
-0.0333862
0.0542865
0.109478
-0.045927
-0.0209544
0.0849914
0.275638
0.0953906
0.613263
1.12054
0.970403
0.331134
0.566338
0.609658
0.0574459
0.0962503
-0.0124784
0.144911
0.142681
0.147836
-0.192998
-0.109721
0.502412
0.395081
-0.254937
0.0941937
0.0440876
0.487612
0.057062
0.124544
0.299904
-0.201605
0.0299391
-0.400933
-0.218713
0.143342
0.112633
0.380615
0.0363635
0.137679
0.247927
0.0492854
0.0754832
-0.172623
-0.221552
0.000855516
0.219813
0.204059
0.395526
0.436261
0.527991
0.0641383
-0.122064
0.253163
0.357291
0.115196
0.169181
0.880633
0.103119
0.146151
0.411254
0.180372
0.0459954
-0.194634
-0.0199116
0.211999
-0.31433
-0.281808
0.0556483
-0.2604
0.381893
0.0486921
-0.0702004
-0.079285
-0.016601
-0.0281864
-0.00430043
0.0230771
0.1749
0.308945
0.101533
-0.0314141
0.0589641
0.103257
-0.0179817
-0.0509829
0.0693336
-0.0889953
0.221648
0.00994329
0.295235
-0.0760544
0.500178
0.237139
0.00488117
-0.513487
0.253211
-0.173555
-0.183485
-0.220792
-0.114614
-0.691053
1.17266
0.194789
1.00611
0.156212
0.298646
0.0804785
0.0242043
-0.0560827
0.627409
-0.0387614
-0.19791
-0.0268474
0.264382
-0.0932217
0.0461831
0.202643
0.351405
-0.0280446
-0.272279
-0.110086
-0.0780378
0.00208791
0.0413256
0.0878161
0.156187
-0.566679
0.371397
-0.0762624
0.167307
-0.0805053
-0.0762411
-0.0337924
0.0205989
-0.186041
0.039118
-0.125456
0.0987917
-0.0822248
-0.517609
0.0741347
0.152608
0.209187
1.3234
1.40866
0.19272
0.255336
0.192405
-0.192279
0.0800572
-0.362966
-0.0319352
-0.0528532
-0.281889
-0.141922
0.219861
0.0101312
-0.00559532
0.0763226
-0.421662
0.0854249
0.170995
0.0593386
0.132815
0.243943
0.3575
0.0303141
-0.0933066
-0.0782347
0.0231364
0.0297719
0.0456835
-0.143958
-0.185187
-0.138305
0.45558
-0.0766449
0.124054
-0.0206824
-0.235935
0.00026137
0.201825
-0.0127707
0.0085624
-0.0811222
-0.00362893
0.106657
0.212732
-0.136781
-0.0292669
0.00686299
-0.0586372
0.0761314
0.143697
-0.369031
0.0318976
0.0151655
-0.149294
0.0273892
0.175176
-0.123558
0.0641475
0.280855
-0.201845
-0.129043
0.081614
0.416436
0.114663
0.210715
0.807074
-0.257926
0.0277541
-0.055399
0.141645
-0.182092
0.0321189
0.156816
-0.0159987
-0.530932
0.170497
-0.136284
0.387807
-0.136707
-0.141472
0.0683684
-0.0187349
0.0406816
0.30169
-0.141056
-0.00716402
0.0809452
0.105325
0.0613614
0.171833
-0.0368325
-0.134655
-0.220195
-0.170719
0.136987
-0.175004
0.102413
0.352918
-0.0189921
-0.0256849
0.0224849
0.237416
0.286113
0.249994
-0.0737184
0.253855
0.526662
0.0677022
0.20836
0.3364
0.286333
1.08265
0.0216484
0.114771
0.535634
0.52576
0.269032
0.197435
0.0548103
-0.0836537
0.0237135
0.0342143
-0.0559167
-0.0455906
0.249743
-0.116069
-0.259672
0.219404
-0.328119
0.0717695
0.109887
0.126935
0.0284438
0.0507515
0.470703
-0.201197
0.00871861
0.171005
0.479471
0.327511
0.554449
1.08429
0.467148
0.0421651
0.454216
0.893092
-0.0285262
0.0978045
-0.0632232
-0.0163648
-0.118623
-0.28551
0.272367
0.125294
0.616251
0.200572
0.120358
-0.00568249
-0.0116428
0.336753
0.511539
0.534794
-0.77396
-0.0976669
0.170567
0.11228
0.0685276
-0.0240815
0.0494013
0.16292
0.309381
0.0951984
1.4954
1.02619
0.0169772
0.0611959
0.240328
0.170626
-0.287001
-0.0535336
0.053549
-0.226108
-0.0134105
-0.225466
-0.0781543
-0.0390774
0.114162
-0.0198975
0.255636
0.11343
0.831144
-0.591824
0.048269
0.152372
-0.128764
0.292747
1.07302
-0.174196
-0.0440398
-0.0365947
-0.0291669
-0.0675295
-0.0614368
0.209919
-0.00355065
0.0554875
0.268659
0.149697
0.137662
0.166566
-0.00183471
0.123242
0.101571
-0.215513
0.0447225
0.126829
-0.147511
0.0605574
-0.117238
-0.0370782
0.0156055
0.234493
-0.213637
-0.109985
0.10859
-0.633436
0.150433
0.0601819
0.0753344
-0.0902992
0.0895941
0.585959
0.264228
0.305549
0.0801239
-0.0477928
-0.0125001
0.253916
1.06938
0.351108
0.00466308
-0.358217
-0.268627
-0.00888904
0.293888
-0.0133576
-0.0512923
-0.211768
0.0969617
0.0893068
-0.0658875
0.0438762
0.287517
-0.0829491
0.137086
0.163606
-0.0958155
0.239651
-0.247884
-0.527996
0.088557
-0.0671267
-0.0617414
-0.256409
0.891089
0.0337299
0.0255777
0.0689524
0.148596
-0.0314843
-0.0109294
-0.284646
0.0706779
0.2739
0.102137
0.0363946
-0.27643
-0.00959827
0.553699
0.784541
0.25779
0.114722
0.350499
-0.153614
-0.0250759
-0.0851289
-0.227744
-0.0345697
0.129609
0.0435999
-0.112037
-0.0204806
0.0490214
-0.196054
-0.0162394
-0.0315702
0.162027
-0.0851482
0.215945
-0.0147882
0.0908836
-0.0106499
-0.0038038
0.0836206
-0.0225306
0.686435
-0.164424
-0.404225
-0.0697844
0.130736
0.107282
-0.0235236
0.232088
0.199859
-0.0498672
-0.164133
0.00636279
0.28862
0.563402
0.115336
0.253421
0.0406816
-0.156807
0.174536
0.276973
0.238563
-0.140762
0.651849
-0.339445
-0.27568
0.107256
0.153919
-0.156849
0.118013
0.121758
-0.0439566
0.039736
0.353125
0.540275
-0.494513
-0.174945
0.0759765
-0.231425
-0.202924
0.0715095
0.599952
0.0692319
-0.0210724
0.065852
-0.133324
1.0524
-0.0508263
0.330301
0.310194
-0.301834
0.124706
0.105513
-0.00596601
0.111491
-0.241054
-0.153485
-0.0821936
-0.179725
-0.10028
0.0490293
1.02565
0.0523824
0.251051
0.0465448
0.0139312
0.0565182
-0.00523513
-0.0711402
-0.136525
-0.140555
-0.0638153
0.466409
0.483174
0.00175102
-0.0689539
-0.0741703
0.119506
0.21107
0.205844
-0.0307945
-0.283077
-0.107638
0.240096
-0.0389781
-0.0440937
-0.115157
0.293753
0.0739558
0.177362
0.0657695
0.0376287
0.460908
-0.102454
-0.021677
0.250585
0.292715
-0.0180502
-0.0590233
0.0743221
-0.0700912
0.140703
-0.00866151
-0.0804214
0.31351
-0.00551026
-0.102826
0.116437
0.243836
-0.0426258
-0.0771407
0.0778709
0.298835
-0.171868
0.0690993
-0.0251567
-0.00796803
0.0407171
0.163454
0.0059859
0.164019
0.11204
0.321867
0.245597
0.396576
0.250124
0.223076
0.184403
0.0897026
0.128897
-0.264556
0.34912
0.304892
0.0904732
-0.0514235
0.283982
0.396442
0.278743
-0.440469
0.322398
0.2002
0.299908
0.247233
-0.0384395
-0.0504161
0.0924426
0.0271869
0.285248
0.166184
-0.243165
-0.0621516
0.029994
0.216484
0.188521
0.213136
0.195173
0.0315679
-0.262537
-0.0803545
0.363231
1.08977
1.26222
0.138273
0.142965
-0.0256828
0.559369
0.1874
0.637333
-0.0664736
0.0102713
0.310657
0.248177
-0.0432211
0.250829
-0.873716
0.247854
-0.280948
0.275205
0.0526296
0.26539
-0.10082
0.561228
-0.394228
0.0888902
0.138722
-0.161857
0.102458
0.120959
-0.376929
-0.458028
0.295821
0.00268033
0.0370048
0.334804
0.383081
0.248009
0.794421
0.310866
0.331034
0.347548
0.139618
-0.443545
-0.189878
0.0812827
-0.179446
-0.153105
0.417683
0.298966
-0.0179731
0.133274
0.457129
0.650102
0.400294
0.0162177
0.637844
-0.115466
-0.0330632
0.134037
-0.0444734
0.322373
0.00564962
0.176532
0.156794
-0.316846
0.398863
-0.034484
0.0719224
0.154975
1.52168
-0.744019
-0.622062
-0.106525
-0.12499
0.0812102
-0.0604949
0.0478658
0.00419715
0.379764
-0.0482778
0.0454971
-0.0304777
-0.00921137
0.137656
0.398061
0.247156
0.0466693
0.108664
0.0396723
-0.0347398
0.204396
0.0741256
-0.0111058
-0.202102
0.445884
0.241133
0.0102557
0.219684
-0.0538298
-0.345632
0.587346
-0.137789
-0.0672531
0.032081
-0.252047
-0.283122
-0.0397921
-0.277177
-0.476704
0.262584
0.314213
-0.0338929
0.360664
0.0977318
-0.117734
-0.181533
0.609673
-0.224932
0.334071
0.24463
0.143686
-0.493378
-0.594297
0.842172
0.0697322
0.145617
0.161822
-0.0892808
-0.701331
-0.0305782
-0.623808
-0.0375337
0.00330982
-0.0770983
-0.561577
-0.519694
0.389071
0.049647
0.331382
0.378238
-0.728091
0.29596
0.197095
-0.0235054
0.154891
0.0349211
0.171871
0.279131
0.143519
0.0846058
0.484314
-0.253515
-0.36255
-0.207773
-0.128273
0.0504519
0.00194748
0.00100983
0.000232394
0.156239
-0.125792
0.0276129
0.169058
0.206372
0.205506
0.190154
0.135991
0.0233865
0.0236749
-0.0971553
0.0623928
0.0467189
0.0953969
0.304798
0.341879
0.387814
-0.44702
0.182861
0.0647769
0.0865955
0.0183306
0.148199
0.495098
0.0319154
-0.0542653
-0.0595612
0.213469
0.183705
0.187018
0.00782421
0.0464015
0.0966713
-0.0179573
0.16125
0.273749
-0.287751
-0.804954
0.0897564
-0.0539607
0.119566
0.103797
0.135046
0.00173653
-0.0103303
0.508558
0.122141
0.214427
-0.410248
-0.33534
0.41575
0.0852317
0.061897
0.219446
0.0750565
-0.094607
-0.118781
-0.100279
-0.0358183
0.49122
0.0596138
0.226078
-0.0126432
0.0546128
-0.0233963
0.939216
0.351559
0.247342
0.215403
-0.142079
-0.163925
0.0355242
0.408806
0.0262181
-0.526917
-0.209636
0.054153
0.371236
-0.0867147
0.113468
0.169728
-0.302831
-0.0743216
0.0667773
0.118187
0.458365
0.0941323
0.153656
-0.297645
-0.0210392
0.177326
-0.0863014
0.0170362
0.281219
-0.0303013
-0.171044
0.175988
0.203466
0.0666681
0.0733417
0.0577715
0.0700207
-0.0957519
-0.128996
-0.133577
0.330339
-0.0305621
-0.57866
-0.372383
-0.266803
0.318443
-0.0324363
0.024247
-0.0520477
0.12176
0.282916
0.209685
0.185549
0.143269
-0.359462
0.147532
0.166562
0.305897
-0.32062
-0.258631
0.000884451
0.327143
0.552797
0.271803
-0.102866
-0.0205149
-0.0658182
-0.0749411
-0.135627
0.156625
0.432888
0.0388764
0.0431542
0.208508
0.248587
0.300847
-0.0268167
-0.194126
-0.195243
-0.228404
0.362502
0.373912
0.608048
0.00680464
-0.267082
-0.0462749
-0.688623
-0.0659783
-0.360329
-0.00689031
0.233508
-0.000843381
0.0857857
0.255011
0.161013
0.134899
-0.150043
0.21743
0.106882
-0.0517594
0.338454
0.223009
-0.242044
0.171477
0.165878
-0.0386691
0.290408
0.36196
-0.721795
0.0897924
-0.125086
0.0963188
-0.0405371
0.00135777
0.0225577
0.192481
-0.00176788
0.138163
0.0870133
-0.210576
0.341458
0.120505
-0.0992986
0.062654
0.38807
0.272946
0.133824
0.0301715
-0.139649
0.192799
-0.0375605
0.127112
-0.455337
0.0108274
0.268183
-0.350619
0.0836466
0.0670987
-0.203595
-0.0771286
0.00697015
0.506804
-0.105615
-0.268007
-0.054717
0.0366677
-0.0635547
-0.00846173
0.46221
0.106172
0.135955
0.038472
0.0531359
-0.129606
0.0435813
-0.0578724
-0.0699028
-0.302135
0.00820367
0.162237
0.0283369
-0.00512542
-0.00455151
0.0650598
-0.108948
0.174658
0.227621
0.115369
0.73763
-0.127262
-0.185798
0.0510868
-0.0254632
0.302192
0.333864
0.423441
0.289374
0.125935
0.154179
0.0449254
0.12189
-0.017772
-0.515094
-0.113148
0.110152
-0.0075182
-0.597098
-0.0927223
0.0351821
0.271564
0.0818483
-0.111886
0.0351542
0.0900962
-0.100187
0.100361
0.305579
0.386072
-0.0482183
0.15279
-0.00569589
0.20057
0.279866
0.0963589
0.244879
0.0815627
0.0887455
-0.126155
0.023347
0.0982678
0.200496
0.63858
0.127808
0.189445
0.237977
0.242619
-0.0144969
-0.124248
0.189867
0.158295
-0.359118
-0.0189937
0.288606
-0.317854
-0.331396
-0.112118
0.000794697
0.251192
0.110072
-0.0661497
-0.0540319
0.745871
0.151962
-0.0875795
0.623384
0.140173
0.289194
-0.0139944
0.229568
0.356374
0.390774
0.0869985
-0.0073552
-0.0248707
0.258918
-0.17968
0.100474
0.779994
0.533349
0.257314
0.103271
0.103131
-0.364019
0.0947143
0.132333
-0.478704
-0.00565188
0.103672
0.194971
0.188432
0.059369
0.165633
0.0150213
-0.0214216
-0.222377
-0.0392325
0.13795
0.242604
0.468503
0.17443
-0.165827
0.104335
0.483313
0.201697
0.159464
0.263335
-0.0300838
-0.278607
-0.317107
-1.08382
-1.08918
0.311517
0.219358
-0.225738
0.142158
0.00612033
-0.235333
-0.0893972
0.0498343
0.00437867
-0.142735
-0.497471
0.070426
0.0696329
-0.0105836
-0.0315325
-0.170548
-0.122069
0.225196
-0.170345
-0.106675
-0.40667
-0.0404235
0.295308
0.158677
-0.0887938
-0.170745
0.017078
-0.0834104
-0.0262812
0.170227
0.158984
-0.469142
-0.0906066
-0.0908352
0.297232
0.5811
0.264526
-0.0548651
0.082417
-0.414752
-0.0347941
0.0967356
0.338447
0.0873108
-0.411186
-0.156713
0.400587
0.496462
0.481796
0.208327
0.10755
0.0321436
0.0421489
0.138952
0.15454
0.188576
-0.077861
0.289185
-0.0399221
-0.121143
0.19166
-0.0741889
-0.125313
-0.203557
-0.466229
0.449005
0.109902
0.403404
0.166904
0.0846967
0.183073
0.202968
0.329254
0.324071
0.216806
0.0777304
1.02398
0.0176262
-0.0896387
0.0560338
0.550967
0.44495
0.0656369
-0.462376
-0.739831
-0.00512125
0.061421
-0.213877
-0.196069
0.153476
0.373333
-0.0869099
-0.112478
-0.0351307
0.157907
-0.00511798
0.18801
0.132372
0.0379021
0.0599392
0.252414
0.127475
0.377035
0.00786519
0.333847
0.531144
-0.0150582
0.180948
0.429432
0.039253
0.0649749
0.0652323
0.163445
0.357915
-0.079632
-0.0924662
-0.0480653
-0.12833
-0.117552
0.0511855
-0.0914292
0.188057
0.0567438
-0.243649
-0.191034
0.0221727
0.0461617
0.0264417
-0.255196
0.35373
0.154198
-0.181271
-0.0906657
0.0155014
-0.201867
-0.255518
-0.131687
0.0863513
-0.163852
0.50835
-0.180135
-0.310988
-0.233889
0.0432262
0.174695
0.203148
-0.115854
0.388338
0.193868
0.166288
-1.10499
0.498279
-0.384823
-0.225361
-0.111252
0.0796718
-0.045488
-0.12093
-0.133007
-0.110162
-0.0688195
-0.0970764
0.0640917
0.05528
0.0243675
0.734235
0.722111
0.423887
0.486892
0.689259
0.0733567
0.156606
-0.128136
-0.0226628
-0.0747733
-0.135749
0.828974
0.271829
-0.363827
0.216416
0.0505078
0.00305126
0.368723
0.738786
-0.0231547
0.339786
0.264826
-0.394194
-0.229148
0.206809
0.0925577
0.00998235
0.31529
0.332974
0.321817
-0.182294
-0.0429221
0.065117
0.116565
0.10134
0.186327
0.256746
0.236312
0.126824
-0.175403
-0.0750486
-0.0305568
-0.315051
-0.307637
-0.00189622
0.0932119
-0.020032
0.0334701
-0.442673
-0.423811
-0.244423
-0.0844546
0.111281
0.5483
0.0687318
0.195169
-0.442913
-0.469926
1.73179
1.48683
0.175583
0.223408
0.00947889
0.0381205
0.00959082
0.010594
0.227865
-0.391039
0.169498
-0.329443
-0.282829
0.0999662
0.436069
0.233761
0.16162
0.0706156
0.180296
0.316977
0.23416
0.248234
0.106212
-0.045269
-0.0085526
0.101751
0.100746
-0.314861
0.0296209
0.0177003
-0.26771
-0.0798816
-0.0633394
0.00650914
0.519952
0.0975588
0.162872
0.0898048
0.181141
-0.241209
-0.115258
0.0997336
0.0897693
0.0322988
0.374169
0.331684
0.207393
-0.0402388
0.177359
-0.24884
-0.0604909
0.584362
0.137669
0.0974351
0.154804
-0.0894333
0.331854
0.027887
0.152728
-0.00821875
-0.241737
-0.153551
-0.295519
-0.0149638
-0.0219678
-0.686301
1.04463
0.0884473
0.0880721
-0.360124
0.913224
0.214509
-0.0127108
-0.124309
-0.0448658
-0.0282826
0.0721976
-0.456165
0.201913
-0.551062
0.202125
0.0478897
-0.406216
-0.460084
0.014287
-0.0999563
-0.0586651
-0.0384099
-0.09035
-0.000692613
-0.191912
0.064145
0.0588523
0.311081
-0.0147135
0.164257
-0.572131
-0.593759
-0.0801641
0.0203355
-0.238951
-0.140248
0.0746425
0.290614
0.00292225
0.170643
0.217291
0.26543
-0.0691112
0.255753
-0.58019
-0.362841
0.0116173
0.00870344
0.115346
0.145721
0.255936
0.97576
0.180378
0.00482813
0.506633
-0.0409828
0.0794948
0.506568
0.387323
0.0506579
0.0420855
0.175714
-0.138814
0.127475
-0.32279
-0.0611153
0.0637351
-0.0436929
0.069173
0.263232
0.710017
-0.0733826
0.148691
0.0810134
0.00237531
-0.409659
-0.16005
-0.0166598
0.0244632
0.00299866
0.156311
0.0537705
0.271567
0.130842
-0.283048
0.0285793
0.045886
0.609674
0.115867
-0.719746
0.373202
-0.748403
0.16221
-0.106693
-0.111161
-0.0828857
0.00959822
-0.47917
-0.0748089
-0.103237
-0.00565733
-0.0589696
-0.128316
0.0811023
0.147028
-0.494291
0.39211
0.0100895
-0.521229
0.198966
-0.0810413
-0.0420458
-0.0539125
-0.129351
-0.0176367
-0.151836
-0.0190033
-0.130738
0.00709266
0.0860824
0.0475135
0.00658155
-0.407124
-0.0101183
0.0428465
0.391574
0.0180053
-0.328176
-0.317121
-0.166222
-0.0383853
-0.462681
0.260006
0.182073
0.0528415
-0.134961
0.61441
0.120885
0.0814123
0.107847
-0.104228
0.526084
-0.11224
0.0387386
0.0899664
0.460847
0.0954641
0.0634276
0.29687
0.188323
-0.561643
-0.06717
-0.125699
0.283487
0.0771181
0.06762
0.0779163
0.259608
0.0984191
0.401964
0.248552
0.00121138
-0.180973
0.233501
-0.323747
0.152503
-0.110567
-0.738201
0.114166
0.371635
0.254295
0.384825
0.137615
-0.0112183
0.0525727
0.220288
0.149548
0.306335
0.409631
0.415214
0.676222
0.598873
0.0896866
-0.0102277
-0.115063
-0.225703
0.056513
-0.241545
1.00332
0.0852774
-0.10977
-0.000594801
0.227401
0.0684973
0.0810827
0.0227558
0.0155402
0.255569
0.335068
-0.186027
-0.258952
0.22018
-0.776794
0.630908
0.270143
0.156564
0.450468
0.611192
0.00847077
0.373408
-0.0556874
-0.0917469
-0.129649
-0.1431
0.0550012
-0.112206
-0.0988173
-0.0969085
1.36689
0.0478083
0.0519621
0.234748
0.317264
0.271477
0.0775306
-0.124215
0.0872729
0.237561
0.715611
0.608591
0.0358939
0.0322174
-0.0248027
0.157042
0.0201149
-0.00854832
0.084191
0.102169
0.176276
-0.0947001
0.259883
-0.419654
0.0499564
0.465997
-0.0126233
0.583678
0.036435
0.321625
-0.0381158
-0.0677542
-0.0346633
-0.190814
0.1088
-0.0579716
0.294832
-0.506903
-0.0167098
-0.0104059
-0.109229
0.427141
0.239698
-0.0357983
1.08937
1.26827
-0.0364912
0.0708074
0.226328
0.646479
-0.00210853
0.98418
-0.0511485
0.294263
-0.203864
0.0117376
-0.199827
0.132285
0.169664
-0.0127036
-0.367927
0.268603
-0.66244
0.106509
0.338804
-0.36037
0.772461
0.0329766
-0.208317
-0.121968
-0.279713
0.140463
0.216295
-0.0435754
-0.121767
-0.0500315
-0.571836
-0.504132
1.05511
-0.0220328
1.05651
-0.462105
0.156613
0.165387
0.0616803
-0.151208
-0.171821
-0.409821
0.0338174
0.0471043
0.184808
-0.172473
0.229108
-0.0456916
0.12456
0.111187
-0.692288
0.208815
0.290309
-0.130484
0.210074
-0.0731283
-0.0468253
-0.0743979
-0.485945
0.37097
-0.21384
-0.148417
0.100596
0.349995
0.337255
-0.0420034
-0.151687
0.282679
-0.877716
0.176171
0.189673
0.0590437
0.037953
-0.0229877
0.455279
0.230819
0.122335
0.180594
0.542558
-0.418362
-0.285328
-0.209949
-0.178989
-0.566449
0.708806
0.743153
-0.020395
0.0612182
0.157878
0.100579
0.361549
-0.0576676
-0.129944
-0.186071
0.00253639
0.327344
-0.0555282
0.00918728
0.41897
0.176306
-0.112365
-0.277311
0.504514
-0.115563
-0.0433836
-0.473622
-0.00714189
0.0679523
-0.158454
-0.0440424
0.103594
-0.352087
0.147498
-0.118752
0.2434
0.32688
-0.172483
0.0616118
0.0153106
-0.141225
-0.342626
0.289786
0.416314
-0.00184313
-0.0540357
-0.157123
0.000623766
0.045719
0.0917169
0.89423
0.177822
0.272143
-0.73854
-0.0828069
0.229105
0.169211
0.833585
0.44774
0.133451
-0.504165
-0.0350308
0.386932
0.244064
0.024937
0.0344428
0.0684085
0.310194
0.125087
0.242297
0.231637
0.250749
-0.225653
0.137731
0.134827
0.0901362
0.276618
0.306335
0.223993
0.206152
0.291716
0.0486023
0.0182428
-0.170052
-0.156788
0.00703689
0.133931
-0.0957312
-0.0870015
-0.107349
0.0526318
0.052513
0.0767913
0.0177882
0.0418957
0.0754255
0.129182
0.204198
0.317748
0.0423286
0.091513
0.48761
-0.144931
0.100866
0.230753
0.226344
0.438061
0.589312
0.652216
-0.00706806
-0.346604
-0.771764
-0.00390642
0.53765
0.817314
0.323167
-0.0546785
0.132213
0.288021
-0.0896781
0.152993
0.176719
0.148127
0.79969
-0.232128
0.239056
0.121734
0.14101
0.239395
0.325664
0.332589
0.190174
-0.687987
0.186565
0.575456
0.387648
-0.00471066
0.219099
-0.0465462
0.154765
0.184522
-0.190481
0.169647
0.0309015
0.201332
-0.106176
-0.265204
0.205001
0.108539
-0.0241102
0.0341584
0.0530606
0.0751675
-0.0851404
0.462943
0.666389
0.656767
0.214314
-0.145191
0.0382341
-0.10116
0.408139
0.378254
0.280529
-0.3853
0.25097
0.354679
0.0640736
0.398883
0.203356
-0.0396613
-0.172229
-0.0291016
0.416865
-0.0736345
0.297538
0.0212003
0.0315048
0.0313627
-0.461066
-0.0506892
-0.12512
-0.389731
0.816403
0.0493734
0.16547
-0.0299282
0.0190047
0.416854
0.103104
0.185788
-0.0796375
-0.0852165
0.195233
-0.158149
0.310117
1.27337
0.249082
0.305026
0.121067
0.0965789
-0.0569113
-0.129335
-0.18019
0.119559
0.110049
-0.00499494
0.282077
0.104399
0.253783
0.181994
0.874296
0.367816
0.12903
-0.0617751
-0.106796
0.170834
-0.0997364
-0.111954
0.212852
-0.0391177
-0.376047
0.0945064
-0.054083
0.170772
-0.146449
0.0553184
-0.115261
-0.224299
-0.278553
0.105756
-0.0713897
-0.455549
-0.170092
0.0253797
-0.00557043
0.0629455
0.0550671
-0.0521384
-0.020286
0.397741
-0.119477
-0.129026
-0.489769
-0.114175
0.0402888
0.0845469
0.692229
-0.142381
-0.614827
-0.0227856
0.0434189
-0.0701883
-0.132746
0.190122
0.133717
-0.0226373
0.440599
-0.0707181
-0.147033
0.17451
0.364131
0.257967
0.127475
-0.00451667
0.770876
0.0731786
0.384807
0.223061
0.529615
0.0445476
-0.318774
-0.27787
-0.0421409
-0.301808
0.138496
0.0929107
0.055771
-0.276859
-0.238514
0.195231
0.412863
0.0727763
0.177458
0.149752
-0.0625696
0.555973
0.0715304
0.088941
-0.0539539
-0.465639
0.167633
0.109265
0.215536
0.164999
-0.0681582
0.043565
-0.226583
0.00380657
-0.106902
0.207088
0.484329
0.294215
-0.0166089
0.0419731
0.165324
0.100098
-0.166153
0.813888
0.0323762
0.472739
0.0109137
0.190175
0.34142
-0.118134
0.296003
1.23991
0.456887
0.0996708
-0.239181
0.13528
-0.126522
0.215921
-0.135987
0.0437685
0.634336
0.00570358
0.122944
0.768087
0.685383
0.0420449
-0.109395
-0.145265
0.187114
0.0933149
0.12621
0.0650999
-0.157782
0.0210198
-0.0678036
0.126823
0.139517
-0.260674
0.055467
0.262174
-0.185321
-0.00534513
0.0971226
-0.0169512
0.17442
0.0486832
0.472433
-0.0314051
0.0787181
0.0394512
0.112224
0.130387
-0.35163
0.0123403
-0.314935
-0.278979
0.572422
0.278517
0.489059
-0.0489519
0.422632
-0.00356623
0.0713592
0.114523
-0.0850547
0.000676443
-0.0896116
0.288107
0.0722874
0.804694
-0.188795
0.0963087
0.0772739
-0.0459335
0.463873
-0.250527
0.470917
-0.00490102
-0.0998998
-0.0539778
0.0101003
-0.118737
0.0412519
-0.131995
0.0452376
0.449731
-0.217418
-0.210648
-0.0788218
0.0939592
0.131433
0.293545
-0.0868205
0.00288671
0.365821
-0.14175
0.258088
-0.144483
-0.152355
0.263194
0.605105
0.350486
0.447151
0.245035
0.0266423
0.0720669
-0.271737
0.00142986
0.381289
0.0673741
-0.583846
0.189865
-0.0612334
-0.106178
-0.0072826
0.302996
-0.359131
-0.46762
0.316129
0.248908
-0.19193
-0.194639
-0.10711
0.0111057
0.179202
-0.235665
0.150508
-0.0459881
0.205378
7.57875e-05
0.0444464
-0.108331
-0.00500481
0.0346971
0.40061
-0.333228
0.611702
-0.0785794
-0.020285
0.131775
0.427659
-0.150322
0.0925264
-0.0570493
0.15704
-0.035882
0.0941072
-0.050449
0.285549
-0.0799747
0.0295198
0.0690301
-0.0585415
0.115362
0.0439291
-0.011874
-0.555743
0.0740398
0.076297
0.101742
0.209302
-0.248174
-0.290987
0.0982455
-0.297028
-0.053534
-0.909392
0.538392
-0.10183
-0.0454324
-0.172798
0.0595668
-0.0709542
0.0796963
0.415932
0.365302
-0.152796
-0.74333
0.210223
-0.0852165
-0.0224299
-0.0319104
-0.13
-0.183206
0.0647222
0.249782
0.284083
-0.0508138
-0.172188
0.0361341
0.00238118
-0.0772256
-0.00212101
-0.190299
0.0479281
-0.1921
-0.0667741
0.238227
0.561596
0.64855
0.581576
-0.379395
-0.0468335
0.103994
0.579889
0.84641
-0.154688
0.0226835
-0.139238
0.389575
-0.110096
-0.0522978
0.394871
-0.0943737
-0.030051
0.0285498
0.236324
0.11699
0.102551
0.779119
0.574372
0.0191055
-0.202062
-0.00273925
-0.0365755
0.24496
0.274566
0.277832
-0.144301
-0.0484856
-0.0792629
-0.281639
-0.127604
0.0776021
0.137509
-0.124161
-0.00961592
-0.0593625
0.0944155
0.0545654
0.10327
0.137987
0.107527
0.0929549
0.101319
0.163104
-0.180863
-0.219977
-0.18908
-0.150094
0.391725
0.238045
0.0357258
-0.337699
0.13891
-0.503954
-0.054899
0.118689
0.0981857
-0.28861
-0.455695
0.00820291
-0.0399584
-2.88638e-05
-0.272283
-0.321478
0.645257
-0.112285
0.484388
0.364101
-0.077086
-0.0304491
0.13872
0.177825
0.147854
0.371334
0.326458
-0.081665
0.132512
-0.344439
-0.00536444
0.241151
-0.586833
0.0687787
-0.81107
0.0406535
-0.344141
0.0291725
0.607259
0.16773
0.0410724
0.238197
0.2946
-0.001459
0.0394849
-0.03788
-0.0889423
-0.163614
0.197725
-0.154312
-0.150269
-0.0691354
0.78557
-0.146498
-0.0446279
-0.487875
0.124531
0.220353
0.0756925
0.277659
0.00794913
0.122972
0.545342
0.134049
0.946469
0.353509
0.149024
-0.0846578
-0.179062
-0.0739414
-0.161688
-0.145995
-0.0121077
0.145851
-0.114362
0.0166027
0.0924458
-0.191645
0.541534
0.029478
-0.00963857
0.0264004
0.143424
0.339604
-0.143592
-0.130803
0.642172
0.240561
0.0321036
0.282098
0.436871
0.428034
0.149389
-0.345743
-0.0634399
-0.0219868
-0.638011
0.0376428
-0.465575
-0.0365564
0.392719
0.287575
0.361907
-0.0881927
-0.194169
0.15169
0.336953
0.554792
-0.0166825
-0.058256
0.115403
-0.155515
-0.0533368
-0.0941143
-0.679782
0.0172597
0.199189
0.468675
0.0948815
0.309597
-0.00392295
-0.0313807
0.33014
0.50035
0.616522
0.154058
-0.132432
0.130347
-0.396038
-0.190074
0.164433
0.444538
1.61215
0.0380894
-0.125804
-0.0868267
0.134181
0.395374
0.30146
0.300926
1.08698
0.789452
0.400391
0.0866022
-0.259241
-0.311885
0.37723
0.305029
0.13398
-0.248688
0.0140973
-0.0111649
0.565559
-0.0856407
0.222693
0.196632
-0.25873
-0.154561
0.110212
0.383938
-0.00163648
0.96713
0.205381
0.211194
0.16943
-0.0162696
0.151436
0.0728299
-0.0707627
0.286883
0.419961
0.0796213
-0.0775413
-0.215346
0.237715
0.091685
-0.0629953
0.198875
0.110425
-0.176867
0.187134
-0.0858642
0.236553
-0.225971
-0.121179
0.118955
0.426262
0.082429
-0.0537595
0.0414544
0.0854231
-0.108261
0.197642
0.0419313
0.282308
0.272453
0.0329993
0.0436981
0.45272
0.370882
0.586789
0.216113
0.235989
0.262093
0.210756
0.469739
0.504956
0.132357
0.27714
0.297249
-0.487755
-0.30752
0.202079
0.156517
0.0766515
0.0276985
-0.150219
0.0279678
-0.0228778
0.367464
0.103482
-0.0123149
-0.221568
-0.217678
0.0533423
-0.187151
0.289076
0.004582
0.181721
-0.0565356
-0.306081
-0.13373
-0.154502
-0.00985682
0.0538255
0.059189
0.0813
-0.471941
-0.493608
-0.165546
0.0914904
0.145797
-0.18235
0.0930174
0.0319515
0.0816532
0.299378
-0.377495
0.680634
-0.0598647
-0.029017
-0.0191945
0.0659948
0.0663015
1.06588
0.78657
0.263113
0.515306
-0.0607274
0.0667412
-0.00952817
0.0358397
0.114049
-0.26832
0.0662622
0.106377
0.0623217
0.070663
-0.223978
-0.187251
-0.034458
-0.0325293
0.329782
0.273792
0.0606122
0.0651485
0.547766
-0.0546118
-0.11148
-0.0901843
-0.0908894
-0.10358
0.389776
-0.0653863
0.140505
-0.314106
0.0303608
0.00687212
0.123299
0.161616
0.0963621
0.0208778
-0.0446716
-0.160016
0.210281
-0.245437
-0.196624
-0.096646
0.186261
0.350947
0.317708
0.285721
0.123724
0.153804
-0.0690753
-0.0753632
-0.156511
-0.00649294
-0.555483
0.335083
-0.120922
0.0109914
-0.083768
-0.376408
0.0550308
-0.011024
-0.417942
-0.313134
-0.0170649
-0.276852
-0.0742094
-0.0447897
-0.290328
0.166984
0.0645159
-0.186823
0.366706
0.0806339
-0.132275
0.0266978
0.122298
-0.091659
0.0663921
0.167513
-0.00827962
-0.255079
-0.0235624
-0.195206
0.126922
0.117548
-0.00187747
-0.174516
-0.0399473
-0.0760544
0.0834835
-0.18916
-0.04824
0.0828165
0.159225
-0.307674
-0.201673
0.193138
0.332621
0.078403
-0.295985
0.0324806
0.016398
0.128178
0.24057
0.00483858
-0.0284908
-0.183031
-0.400323
0.314114
0.337392
0.0656289
-0.0608852
0.995124
-0.586637
0.282236
-0.0764189
-0.566124
0.061603
-0.0203849
0.0873812
-0.00680366
-0.226329
-0.00205055
-0.12894
-0.0303761
0.143269
0.0275968
-0.105139
0.0367029
0.245849
-0.00929041
0.25324
-0.240672
0.0908967
-0.0135825
-0.407691
0.232503
0.530394
-0.133756
-0.174178
-0.221424
-0.322687
-0.110051
0.147094
0.0941008
0.888147
0.366253
0.409674
0.196522
0.780688
0.274528
-0.375222
-0.0813754
0.17121
0.223647
0.45157
0.101185
0.248167
-0.0690599
0.292778
0.371043
-0.107616
0.202028
-0.153763
-0.176995
0.0509087
0.0118526
-0.409367
-0.57626
-0.062624
0.0548961
0.221537
0.666845
0.0883773
0.00785462
0.0336562
0.0334637
-0.0242296
0.0109241
0.0499353
0.0893625
0.0486633
0.0422851
-0.0475853
0.253947
0.0216649
0.212883
0.290924
-0.0683602
0.337458
0.506803
-0.105225
-0.430955
-0.391245
-0.0237729
0.0343867
0.189171
-0.118258
-0.0854657
-0.159265
-0.512845
0.403622
-0.00219713
-0.0371651
-0.0845015
-0.434756
-0.205118
-0.035557
-0.0480304
-0.319637
0.185313
0.0202271
-0.0730598
-0.268147
-0.181524
-0.0749883
-0.22865
0.213244
-0.478034
-0.478578
-0.206668
0.631277
0.00410136
0.476027
-0.0368726
-0.397802
0.0362628
-0.152073
0.0919337
0.748019
1.1226
0.119061
0.241184
0.256971
0.207488
0.0200575
0.0075527
-0.0732679
-0.0801768
-0.026985
-0.0176582
-0.17079
0.0155499
-0.263868
0.128172
0.0281913
-0.100777
0.193695
-0.371994
-0.541649
-0.194117
-0.0717372
0.289626
-0.119108
0.480865
-0.0547426
-0.790845
-0.0397138
-0.14491
0.17889
-0.178735
0.105851
-0.195127
0.124966
-0.0528532
-0.248616
-0.0379402
0.323159
0.114314
-0.068093
0.116999
0.0578045
0.00424822
-0.00909449
0.181388
0.149202
-0.00410199
0.136984
-0.0529239
0.039564
-0.0875222
0.228636
-0.418903
0.460079
-0.1573
0.0551687
-0.00828864
-0.0291335
-0.0135931
0.658481
0.519236
0.10388
-0.373341
-0.0583855
0.0379095
0.297875
0.276349
1.08748
0.341188
-0.112818
-0.442821
-0.0384338
0.194763
0.307337
0.434988
-0.0625229
-0.077884
-0.025268
-0.0257204
0.0416185
-0.0497198
0.000390599
-0.132322
0.844008
0.24013
0.134557
-0.163674
0.0889365
-0.0241737
0.00712241
-0.108304
-0.168245
0.0847706
0.292939
0.138319
-0.134767
0.168073
0.480771
-0.566438
-0.537974
0.0438415
-0.0613246
0.119788
0.209709
0.123604
0.0871725
0.920101
0.366921
0.185251
-0.0797543
0.0380191
-0.132123
-0.0659829
0.0140306
0.0714316
0.0641619
0.165187
0.101457
0.180942
-0.5392
0.0764059
-0.029185
-0.226062
-0.179317
0.290542
-0.143272
-0.00370443
0.574011
0.509739
0.447055
0.18974
-0.0929022
-0.0136982
0.0738125
-0.043404
0.0223018
0.17328
-0.0872564
-0.00843914
0.094806
0.209354
-0.02091
-0.279971
0.377705
0.220056
-0.108614
-0.351135
-0.0462185
0.213356
-0.123976
0.392079
1.50519
0.212093
0.0845217
0.396797
0.184277
-0.20847
0.0267638
0.202156
0.607581
0.686734
-0.0132471
0.251278
0.483968
1.03932
0.0343658
0.00291562
-0.0996978
0.201
0.420559
0.0282952
0.344575
0.363301
-0.147194
-0.0744058
0.066904
-0.0634834
-0.335665
0.359348
0.19736
0.137557
-0.121267
0.104779
0.216018
-0.0692276
-0.00759999
0.459071
-0.409595
0.0124906
0.062099
0.204009
0.485507
-0.127014
-0.041551
-0.232643
0.331219
0.135827
0.305445
0.419719
0.108655
0.113919
-0.0950106
-0.262759
-0.14134
0.00770943
0.0504415
0.0543335
0.0319431
0.0362779
0.463292
0.303123
0.829852
-0.37481
0.138698
0.218412
-0.190537
-0.242431
0.00568283
-0.261771
0.0637428
0.023041
-0.112628
0.322165
0.0461154
0.770333
0.15566
0.187314
0.0938052
0.00339099
0.597648
0.241516
-0.451552
-0.157628
-0.0695975
0.0349811
0.104682
0.214814
0.0621485
0.142375
0.0183307
-0.250755
-0.329987
-0.345741
-0.438053
-0.100083
0.00682513
0.236274
-0.0267205
0.595755
0.00662561
0.0384925
0.162004
0.113253
-0.220958
-0.151405
-0.0222156
0.083114
-0.0946593
-0.0439682
0.510413
0.306909
0.410292
-0.239912
-0.0482179
0.300305
0.0442633
-0.154211
0.241418
-0.470904
0.0588612
-0.0464028
0.295316
0.00491224
-0.0622445
-0.096818
0.0832054
0.83427
0.0996497
0.0932894
0.0142161
-0.00735686
-0.404363
-0.381141
0.590479
0.179758
0.378546
0.241544
0.125503
-0.129664
1.37311
-0.0397707
0.167213
0.0139087
0.362565
-0.00579966
0.699829
0.409802
0.0102574
-0.0628085
0.152477
-0.0304231
0.0516478
-0.0755468
0.0624803
-0.0609402
0.323278
-0.275875
0.239483
-0.237141
-0.2698
-0.199152
-0.421748
0.380479
0.485621
0.00212608
-0.00122377
-0.1389
0.11877
0.0517034
0.137537
0.16366
0.190657
-0.0990688
-0.158283
0.357404
-0.0476026
0.0216714
-0.522541
0.0118695
0.0422809
0.323231
0.518773
0.625752
-0.772574
-0.353528
0.229465
-0.0266156
-0.0840962
0.326402
-0.0304393
-0.347992
0.0641794
-0.0147882
-0.162139
-0.185673
0.205956
-0.211422
1.64278
0.0353508
0.047778
-0.116553
0.434634
-0.069415
0.0284233
0.46468
0.328097
0.154436
0.0648192
-0.0481889
-0.04048
0.292371
-0.231614
0.140477
-0.107809
0.123731
-0.168596
-0.138494
0.135963
0.0694832
0.234814
0.00263984
0.11771
0.451082
0.57747
-0.00174747
-0.122024
-0.166076
-0.262732
-0.632056
0.0956833
0.0632083
-0.461396
-0.483369
0.286764
0.886327
1.32488
0.104481
0.196739
0.237108
0.00779055
-0.121225
0.0137562
-0.578021
-0.0933574
0.0689615
-0.175277
0.35118
-0.290883
0.321057
0.760588
0.38042
-0.0196836
0.417177
-0.329688
0.0914049
0.0443893
0.00367677
0.173233
0.0749738
0.418189
-0.0393787
0.217944
-0.195549
0.00546433
0.00993509
-0.0947971
-0.341046
-0.187609
-0.0643664
-0.986061
0.0177353
0.100603
-0.213513
-0.580087
0.110009
-0.190777
-0.0567645
-0.098828
0.148026
-0.00337867
0.0909109
0.0874429
-0.0520855
-0.00339808
0.0626107
0.346728
0.0777577
-0.0210557
0.0119478
0.043765
-0.0967867
-0.00693608
0.140648
0.208728
0.231592
0.296983
0.201202
0.185068
-0.0160496
0.96011
0.157322
0.000328265
0.176965
-0.0120919
0.375414
0.908369
0.157073
-0.0382529
0.0885435
0.148926
0.212523
1.20964
0.649489
0.426847
-0.0238127
-0.257861
-0.00633962
0.0617845
0.175469
-0.000162801
-0.0391671
0.0185173
-0.0677512
-0.0216159
-0.121358
-0.0290232
0.136916
-0.207071
0.188964
0.155533
0.103535
0.311281
0.238185
0.212466
0.00552496
-0.445749
-0.100686
0.336755
0.0674772
-0.657449
-0.0871752
0.0636381
0.0764829
0.2246
-0.0926026
-0.13003
0.00911666
0.330633
0.0575423
0.104179
0.092713
0.0114424
0.0793006
-0.175327
-0.13109
0.0613144
-0.366109
-0.491732
-0.284314
-0.56584
0.0436048
0.0111389
0.0574769
0.0153823
0.151261
-0.300408
-0.244688
-0.239797
-0.721607
-0.200255
-0.391382
-0.0296387
-0.165939
-0.0383127
-0.123697
-0.349118
0.0652091
0.0107481
0.0234753
0.159927
0.0324996
0.0490756
-0.488825
-0.00391634
-0.151633
-0.0216721
-0.0291477
0.105053
0.160597
0.943993
0.243981
0.69193
0.273473
-0.12218
0.304517
-0.115746
-0.171879
0.783298
0.713802
1.57931
0.642821
0.169857
0.654388
0.227214
0.0425052
0.115402
0.357634
0.140278
1.22441
-0.548051
0.111242
0.114056
-0.0490798
-0.00594748
-0.179646
-0.251563
0.058472
0.0840419
0.0796252
-0.0692387
-0.370212
-0.344191
0.0631765
0.0439245
0.140796
0.354937
0.083151
-0.170331
-0.0726254
0.121119
0.313218
0.270577
0.167539
0.00709842
0.156385
0.00614866
0.102815
0.140174
0.327083
-0.0110062
0.136956
-0.177481
0.610056
-0.0012677
0.0428245
0.0207539
-0.158371
-0.0148738
0.0989159
0.0733399
-0.0481284
-0.11993
0.0775906
0.101668
-0.125884
0.283858
0.602347
-0.054245
0.0562287
0.114911
0.103112
0.398295
0.301363
0.0617964
0.165957
0.19574
0.204575
0.121974
0.0853688
-0.00356107
0.269929
-0.124851
0.37502
-0.0551379
0.193171
-0.110567
-0.633215
0.257028
0.498379
0.384498
0.0590106
-0.0374381
0.280185
0.314822
0.115194
0.271921
0.543899
0.741202
-0.0232837
0.0169581
-0.0228592
-0.108551
0.105995
0.090498
0.130896
0.0122252
0.0564236
0.0338352
-0.409346
-0.166463
0.0532222
0.266933
-0.147179
-0.127203
0.0235841
0.0846323
-0.115991
-0.00724306
0.102584
0.0512877
0.0751954
0.0313081
0.000252263
-0.0411475
-0.013854
0.110748
0.0917739
-0.0460431
0.366292
0.360586
0.0809968
-0.076167
0.107172
-0.162629
-0.174226
-0.318904
-0.00551157
0.0622437
-0.197987
0.163394
0.0743795
0.413869
0.092713
0.522566
0.0652626
0.0398167
0.0421796
-0.331752
-0.1147
-0.0418301
0.0466972
-0.0459299
-0.22871
-0.455941
-0.0261088
0.591336
0.242418
0.0481252
-0.129928
0.0165595
0.210173
-0.0810531
0.207008
-0.293867
-0.176348
-0.582835
-0.44945
0.0907017
-0.0598854
-0.132617
0.0724528
0.0469873
0.434984
0.633197
-0.176145
0.153503
-0.142401
0.595864
1.29455
0.0474799
0.0358305
-0.0545807
-0.150582
-0.0537205
-0.113834
0.0349977
0.00812076
0.0887691
0.204056
0.227776
0.143575
0.262517
0.0974648
0.123732
-0.17024
0.0214506
0.106926
0.137803
0.79354
-0.0904023
0.436927
-0.280629
0.371278
0.337156
-0.0673038
0.105985
0.0587023
-0.223938
0.0560879
0.0944879
-0.0773702
-0.187311
-0.12325
0.0190195
-0.357425
-0.337289
-0.168711
0.232969
-0.0519784
0.06619
0.0230499
0.23304
0.0810298
-0.137765
0.231674
0.237066
-0.0718604
0.0656143
0.0775807
0.231259
0.217247
0.196308
0.246539
0.259659
0.0253216
-0.0706663
0.0374102
0.0043592
0.188681
0.190698
0.0207738
0.0521523
0.0158418
0.0604665
0.0657216
-0.930865
0.114829
0.0980329
0.771408
1.13709
0.271086
-0.0486923
-0.137935
0.0667919
-0.124677
-5.49594e-05
-0.0461684
-0.2436
0.126262
0.171173
-0.13653
-0.0913265
-0.0273135
-0.0610535
0.0423003
0.126341
0.162751
0.0342348
0.212913
0.0468474
-0.139282
-0.208667
0.0695583
-0.455166
0.286146
0.397437
-0.010661
0.393447
0.0959124
0.464177
-0.0461607
-0.00908667
0.40857
-0.148776
0.109704
-0.00363741
-0.0142182
-0.172638
0.0784694
-0.106065
0.0534403
0.837503
0.0694832
0.372735
-0.119083
-0.0977659
-0.00640228
0.177414
0.182193
-0.0337896
0.127111
0.159303
-0.138031
-0.376604
-0.010741
0.135197
-0.0456627
-0.279659
-0.137271
-0.0363521
0.022858
0.444794
0.663411
0.0787011
0.110282
-0.109001
-0.419499
0.0124762
-0.0304913
-0.185891
0.511727
0.177061
0.156809
-0.0912715
-0.0612151
-0.506347
0.127475
0.0273693
-0.0596115
-0.094885
0.220454
0.0089753
0.182764
0.0724749
0.00538948
0.0115506
-0.0498229
-0.0871738
0.0945188
-0.0193701
-0.16068
-0.0759572
0.0904995
0.0271715
0.113872
0.44793
0.126367
0.283809
0.200265
0.24304
0.0872267
0.0190108
-0.07069
0.0186339
-0.248379
-0.0383739
0.315299
0.0529853
-0.209156
0.102988
-0.016491
-0.0184063
0.0126535
0.707387
0.488668
0.306268
0.0325074
-0.0160601
0.194225
0.0851258
-0.0213758
0.0687695
-0.152445
0.282106
0.217793
0.174148
