-0.160515
0.408852
0.0367306
-0.101251
-0.0245373
-0.518075
0.113646
0.160994
-0.0666526
0.496747
0.682433
0.328237
-0.138849
-0.0096791
0.0192297
-0.264844
-0.576732
-0.411028
-0.525422
-0.131967
-0.00664414
0.0702582
-0.499756
-0.0646037
-0.783578
-0.128853
0.118386
-0.443543
-0.539007
-0.0524733
1.43518
-0.0455084
-0.0404134
0.0114847
0.254038
-0.0473437
0.0971807
-0.65116
0.302141
0.162715
-0.0133329
-0.204267
0.10782
0.211322
0.0257913
-0.191129
0.0279216
0.116772
-0.480331
-0.338166
-0.563949
0.0156634
-0.659396
-0.031526
-0.700267
-0.25088
-0.215495
0.283887
0.175454
0.0442306
0.049555
0.0598884
-0.0652889
-0.0591335
0.0663792
-0.379479
0.474304
0.489048
0.00448137
-0.0154704
0.0217544
0.0567396
1.05104
0.0388705
-0.0382727
-0.485204
-0.20719
-0.0154235
0.190015
-0.0203959
-0.306383
0.117415
0.354402
0.28941
0.0613401
-0.075774
-0.159411
0.131207
-0.13242
0.0808625
0.138556
0.200872
-0.0675791
0.00043296
0.0305082
0.0144735
-0.0918001
0.0168137
-0.0337898
0.00913983
-0.0970962
-0.14888
-0.189563
0.0332152
-0.272268
-0.268419
-0.333622
0.145707
-0.0209851
0.0456425
-0.0839438
-0.0839239
-0.135716
0.0306716
-0.386816
0.121641
0.828189
0.744993
0.292821
0.177591
0.390821
0.180197
0.516884
0.167987
-0.255752
-0.0442827
-0.365115
0.180204
0.51929
0.259175
0.0112876
-0.0105111
0.0831116
0.165413
-0.465808
-0.105975
-0.0492188
0.098272
0.151041
0.177006
0.126268
0.347434
0.516379
-0.0482454
-0.0393214
0.0654375
-0.546675
-0.026265
0.206778
0.230822
0.565545
-0.0166047
0.332383
0.112459
-0.0240533
0.213481
0.291034
0.250527
-0.0072265
0.176423
0.292346
-0.446815
-0.432913
0.242243
0.213753
-0.191967
0.27768
-0.0164829
-0.382274
-0.168192
0.484708
0.190401
-0.01651
-0.0518205
-0.65572
-0.302366
0.0750532
-0.0265118
-0.0541052
-0.690744
-0.271594
-0.288044
0.138418
-0.117803
0.0231486
0.656585
0.240678
0.0714374
-0.0422883
0.093854
0.123137
0.950481
-0.0437248
-0.136107
-0.187612
0.0332605
0.0934934
-0.174977
-0.060337
-0.272705
-0.136355
0.302787
-0.0563454
0.246407
0.00619026
-0.0110187
-0.304666
-0.303073
0.161611
-0.292123
-0.121275
0.120989
0.0721095
-0.0766272
-0.0759151
0.12859
0.216587
-0.283148
-0.0644541
-0.0578014
-0.226876
0.0606711
0.0337252
0.561972
-0.134769
0.0873751
-0.0268815
-0.681631
-0.00334617
-0.119912
-0.145218
0.144397
0.145549
-0.197321
0.405613
-0.0881087
-0.157152
0.0159405
0.0861873
0.0446765
-0.449021
-0.172216
0.0835992
0.226769
0.00123941
-0.282245
-0.0741802
0.227067
-0.0235487
0.0136505
0.0281927
-0.25741
-0.0866109
-0.462152
-0.489154
-0.63463
-0.538901
0.0385281
-0.245761
-0.0623613
-0.278843
0.510673
-0.00222076
-0.303274
0.703945
0.0859072
0.0501156
0.0460756
0.0577475
0.936198
-0.0876391
-0.266469
-0.0103424
0.468773
-0.0791491
0.0917171
-0.0434801
-0.0461742
-0.393715
-0.00699379
-0.504135
0.554952
-0.300913
-0.627597
-0.14611
-0.0872946
0.407021
1.25066
1.07619
0.227714
-0.512973
-0.441811
-0.0538812
0.24356
0.441518
0.297089
-0.738078
0.244158
0.0614102
0.0265951
0.00145499
0.216257
-0.599284
-0.536926
0.121766
0.081038
-0.52528
-0.155851
-0.485176
-0.180738
0.0203315
-0.590442
0.16859
0.54342
0.0810173
0.338276
0.16427
0.0232941
0.0432183
0.00460679
0.0337251
-0.110229
0.0273384
0.0785601
0.175009
0.0348168
0.0563429
-0.520665
-0.292634
-0.134584
0.031069
-0.141416
-0.0397008
-0.00305692
0.16526
-0.0482092
-0.278977
-0.108937
0.0117561
0.144825
0.0273717
0.336619
0.0125359
-0.425862
-0.0521895
0.281959
-0.0551457
-0.377699
-0.048267
0.157179
0.228601
-0.0501894
-0.16342
-0.348472
0.326367
0.318632
-0.125354
-0.0561942
-0.462471
0.373423
-0.158029
-0.030335
0.119437
-0.0398122
0.0255692
-0.217722
-0.0300357
0.0158872
-0.00685271
-0.332519
-0.142366
-0.41955
-0.0867131
0.473189
1.53318
-0.543322
-0.241198
0.101448
0.265077
0.0500533
-0.438222
0.235544
0.22928
0.126855
0.055653
0.156124
-0.00871708
-0.343966
0.0137285
-0.20642
0.00704957
-0.0432719
-0.165399
0.165087
-0.0174273
0.509623
0.017786
0.116359
-0.134392
-0.281366
0.165588
-0.0117181
0.101013
-0.252453
-0.535328
-0.31751
0.568262
0.616024
-0.70124
-0.257876
-0.0776072
1.02845
-0.146914
0.697493
-0.132382
0.222377
-0.158466
-0.12776
-0.143311
0.0323885
-0.0781252
-0.00733182
0.621777
-0.778105
0.194966
0.0188665
-0.0990261
-0.054062
0.0985406
0.102485
-0.454045
0.324398
0.307621
0.307787
-0.119436
0.0851811
-0.00806609
-0.0405708
-0.0350533
-0.0213947
-0.0875174
-0.392309
-0.0533793
0.026366
0.201469
0.251726
0.0181831
0.000737383
0.0602446
-0.558386
-0.115838
-0.0167704
-0.183126
-0.0137809
-0.317318
-0.0932866
-0.15766
0.0451724
0.685447
0.533949
1.05191
-0.176524
0.339964
-0.16212
0.187087
-0.108969
-0.394424
-0.266981
0.0536465
-0.0012786
0.510628
0.0722485
0.0214187
-0.285962
-0.340888
-0.358472
0.133184
1.02057
-0.0769352
0.214559
0.190828
-0.142025
0.116525
0.318334
0.591505
0.223727
-0.0141613
0.345453
-0.0372317
-0.125714
-0.21721
0.294098
0.310758
-0.241957
-0.185652
0.808483
0.351761
0.168294
-0.379197
0.248362
-0.251239
0.163996
0.382996
-0.0879766
0.326168
0.298182
-0.380674
0.0231423
0.380375
0.451282
0.279366
0.031671
0.663274
-0.0535938
-0.546838
-0.0607939
-0.087538
0.0729343
0.132682
0.127952
-0.128321
0.330304
-0.365834
-0.345698
0.0211624
-0.00556807
-0.0771132
-0.0527303
0.30548
0.108424
0.0625452
-0.0486634
-0.140846
-0.170108
0.115635
0.0321835
0.333901
0.153949
0.252369
0.251979
0.202613
-0.070738
0.0556861
0.019564
0.0451894
-0.109723
-0.219884
-0.200922
-0.280959
0.182515
0.0918025
0.0329653
0.124065
0.082545
-0.0102054
0.115843
-0.39371
-0.0721565
-0.228904
-0.260442
-0.261095
-0.126228
0.0403629
-0.368536
-0.19685
-0.22268
0.135304
0.0124091
-0.301502
-0.166716
-0.514476
0.224996
-0.149669
-0.102754
-0.297181
-0.0114891
0.747638
-0.150422
0.0396881
-0.335654
-0.190479
-0.155696
0.0331256
0.32488
0.153027
0.335442
-0.288891
-0.32786
-0.062179
0.00673731
0.294837
0.219879
-1.04953
0.0205161
0.224472
0.0584853
0.198585
0.0871557
0.0912057
-0.188741
-0.217934
-0.0529751
-0.309631
-0.228467
1.0549
-0.172919
0.0621002
-0.357782
-0.182643
-0.0902474
0.128739
-0.205364
0.289516
0.166948
-0.103697
1.12667
0.23036
-0.292654
0.534134
-0.0490312
-0.357353
-0.163982
0.0157242
0.787972
-0.0788823
-1.04056
-0.94035
0.388351
-0.174735
-0.18124
-0.114591
0.0634084
0.10131
-0.00848079
0.0388724
-0.537572
-0.104423
0.0302954
0.045451
-0.158913
0.0366357
-0.209678
0.111215
0.0377095
-0.0661239
0.0580634
-0.320813
-0.479834
0.190025
-0.228126
0.417693
0.384338
-0.0943537
-0.0696029
0.280982
0.068934
0.104159
-0.0315001
0.00440758
0.374714
-0.0972647
0.142425
0.235768
0.0201592
-0.382531
-0.129835
-0.15714
-0.0779409
-0.310343
-0.273894
0.509186
-0.405448
-0.39993
-0.524556
0.148403
0.0772948
0.221519
0.621842
0.588884
-0.024143
0.0427943
0.12328
-0.118136
0.315753
-0.314086
-0.162669
-0.201442
-0.18414
-0.430647
-0.162569
-0.040547
0.00695823
0.205818
0.0261058
-0.0639515
-0.266267
-0.133217
-0.070223
-0.165705
-0.0864703
0.0934934
0.434046
0.185258
-0.233181
-0.522595
0.127785
-0.698238
-0.154675
-0.0272611
0.155131
-0.0995124
0.0629687
-0.0136132
0.0967465
-0.154355
-0.225095
-0.390704
-0.264164
-0.283992
0.00484902
0.297965
-0.0798226
0.108036
-0.0331873
-0.0800954
0.0671622
-0.142839
0.313097
-0.207614
0.633949
0.996459
-0.0938537
-0.147941
0.286073
0.105881
-0.160078
-0.204275
-0.0453293
-0.0179845
0.139815
-0.280299
0.0544623
-0.143717
0.0799331
-0.0453042
0.467242
-0.126753
-0.232106
-0.443396
-0.0478929
0.296637
0.379785
0.912216
0.264969
0.26155
0.183661
0.248179
-0.260565
-0.2767
-0.306374
0.0863306
0.267661
0.372391
-0.175993
-0.363467
-0.496726
-0.293092
-0.325478
0.463051
-0.381311
-0.1144
0.0426349
0.704442
-0.114909
0.234914
0.000970932
-0.0247423
0.013118
-0.112727
0.0201214
0.025057
-0.51736
-0.259319
-0.374648
-0.126597
-0.0146554
-0.190391
0.0141401
-0.0239144
-0.0582959
0.201718
-0.213701
-0.467378
0.680624
0.570478
0.396809
-0.0505306
0.252283
0.643725
0.165931
-0.140748
-0.0762322
0.00204545
0.0887489
-0.444286
-0.289548
-0.0920176
-0.212914
0.564466
0.50709
-0.264562
0.120769
0.0312044
0.0461887
0.103673
0.225411
-0.362043
0.273079
0.0391018
-0.367095
0.251013
0.0485566
-0.0850659
0.197136
0.838588
-0.298728
-0.669104
-0.533505
0.0830731
0.072291
-0.501774
0.192267
0.10977
0.144253
0.0598313
-0.0199468
-0.0964632
0.138946
0.169673
0.0621238
0.017226
0.135891
-0.0522099
-0.0819394
0.170832
0.143672
0.126507
0.8326
-0.165992
-0.1053
0.0902293
0.100976
0.154747
0.0772415
0.127549
-0.160737
0.0249994
0.0635395
1.06616
0.606432
-0.0971949
-0.143032
-0.200612
-0.0330995
0.290354
-0.125513
-0.0269212
-0.0716555
-0.189564
0.384713
0.108576
-0.107997
-0.0878073
-0.0098721
-0.399525
-0.134555
0.132213
-0.305985
-0.139777
-0.152579
-0.428022
-0.0253467
-0.164873
-0.105283
-0.286682
0.00639299
-0.258605
0.105328
-0.106726
-0.229298
-0.235177
0.282718
-0.262027
0.142025
0.114659
0.0813945
-0.308964
-0.335547
0.972057
0.910347
0.132057
0.0443646
-0.105859
-0.167107
-0.0732769
-0.345619
-0.119579
-0.0714297
-0.0282002
0.334977
-0.0879475
-0.339766
-0.204393
0.0701874
0.536584
0.00244245
-0.0553054
-0.136684
-0.392341
0.0820622
0.459735
0.269898
-0.0238894
-0.0576852
0.212091
-0.0652538
-0.225918
0.0628155
-0.216411
-0.239255
1.02216
1.38332
-0.0700716
-0.103535
0.132745
-0.438508
-0.0593668
0.711768
0.045733
-0.427417
-0.484722
0.0879877
0.236619
0.427793
-0.019298
-0.0782936
-0.0707805
-0.0312156
-0.394481
-0.20843
-0.46877
-0.110512
-0.243378
-0.0646608
0.16528
0.0407788
-0.381234
-0.288451
0.548315
0.0272222
-0.0723093
-0.0259185
-0.111266
-0.0339079
-0.24874
-0.222235
-0.639537
-0.178108
0.254415
0.115701
0.372725
0.0600258
0.0354177
0.0201034
0.42441
0.107714
0.090236
-0.0106637
-0.880597
0.127794
0.520545
-0.137482
0.0649171
1.46529
0.125679
0.267027
0.0240235
0.126652
-0.391649
0.182942
-0.021233
0.628538
0.144257
-0.016925
0.205758
0.0133494
0.190504
0.00652285
-0.618433
-0.235436
-0.290491
-0.396688
-0.0177502
-0.676626
-0.624981
0.240334
0.0738318
1.26279
0.4735
-0.0814058
0.462462
-0.148245
-0.153553
-0.0120323
-0.110673
-0.334696
-0.189879
-0.488339
-0.0900188
-0.0307682
-0.00595536
-0.00854206
-0.0750803
-0.349959
-0.285975
-0.492238
0.203028
0.0519865
-0.0200849
-0.351562
0.0689359
0.0283026
0.066261
0.268307
1.11255
-0.346022
0.135344
-0.016785
0.157936
-0.0653225
-0.274729
-0.232358
-0.932634
-0.0861394
0.524482
0.365825
0.295781
-0.82352
-0.339024
-0.254399
0.076428
0.569055
-0.229868
-0.028476
-0.0287701
-0.144287
-0.272462
0.955215
0.295603
-0.320074
0.221731
-0.287924
0.0579637
-0.151302
-0.247802
-0.401612
-0.648119
0.115002
-0.0695017
-0.486139
0.21823
0.192022
-0.0762129
-0.21921
0.270915
-0.298082
-0.129971
0.13003
0.227473
-0.155662
-0.267523
0.679042
0.120166
-0.0829487
0.372804
0.112686
0.200218
-0.0380366
0.47058
0.0178544
0.26544
0.160396
0.299286
-0.276324
0.417218
0.688586
0.988716
0.423153
0.539366
0.137213
0.152847
0.0887775
-0.107132
0.590696
0.556694
1.36241
0.0515472
0.286451
0.0605086
0.788285
1.20375
0.315368
-0.11919
0.363528
0.00978539
-0.515779
-0.24054
-0.617663
-0.0974116
0.0247751
-0.112165
-0.685757
0.475484
0.235052
0.250689
0.398394
0.297222
-0.217353
-0.183917
-0.294676
-0.308883
-0.0927437
0.147334
-0.0226382
0.292798
0.280559
-0.0363874
-0.0589293
0.269967
0.707573
0.714804
-0.101764
0.00796799
0.020181
-0.43687
-0.52574
-0.435148
-0.628062
-0.255956
-0.498397
-0.0245465
-0.0859421
0.52195
-0.0921797
0.225982
0.100233
-0.433156
-0.198474
0.0627501
0.164894
0.356119
0.070051
-0.483367
-0.426369
0.0238415
0.455602
-0.257569
0.213699
-0.0340975
0.866558
0.565421
0.41191
0.659432
0.104876
0.0812942
0.535793
-0.583795
0.00248229
-0.151454
-0.109261
-0.0886275
0.0561606
-0.0403111
0.777319
0.197775
0.0969758
-0.130974
0.269919
0.593974
0.191712
-0.133295
-0.00596935
-0.0161024
0.304189
0.20468
0.146325
0.466022
-0.0659902
0.262431
0.368343
0.111313
-0.348867
-0.258998
0.00934575
-0.0809198
-0.0426133
-0.215157
0.0102802
-0.33869
-0.00644279
1.62169
0.599782
0.178443
-0.068354
0.354879
-0.343405
0.138475
-0.0435966
-0.507524
0.416956
-0.00574533
-0.286472
-0.189946
-0.204093
-0.0894645
-0.49588
0.141502
-0.0217687
-0.363822
-0.288175
0.013923
0.578864
0.322615
0.276587
0.339059
0.0509985
-0.599306
-0.173415
1.00836
0.0516765
0.0104967
-0.0176457
1.11892
1.01228
0.131441
0.149419
-0.154318
-0.14021
-0.255824
-0.260733
-0.0192109
-0.0720338
0.000431046
-0.0119439
0.0525392
0.0717807
0.136096
0.143618
0.216111
0.184033
-0.0286859
-0.0413089
1.28031
1.31756
0.134254
-0.0511212
0.475579
0.481961
0.1083
-0.199748
0.0375315
0.166659
-0.0640499
0.497276
0.195973
0.0598342
-0.00847736
1.35354
0.132664
0.236921
0.146386
0.135931
-0.00413066
0.168807
0.0461768
-0.297562
-0.216193
0.0312816
0.19245
0.416713
-0.299376
-0.549787
-0.211284
0.0266427
0.112426
0.114327
-0.116014
0.243967
0.266661
0.156911
-0.00723145
0.0418228
-0.0993467
0.158817
-0.150594
0.137432
-0.0645872
-0.199201
-0.121255
1.246
-0.179543
-0.169881
-0.6084
0.130945
-0.102099
0.379588
-0.275039
0.65035
0.947643
0.186496
0.255574
-0.110583
0.0445216
0.673719
-0.0256575
0.650636
-0.0776433
-0.10304
-0.0429485
-0.0415441
-0.0250372
-0.0697916
0.0822195
-0.131797
-0.317658
-0.231284
0.172995
-0.273956
-0.117586
-0.0960208
-0.289565
0.186516
-0.372859
-0.410788
-0.0276165
-0.53749
0.0296946
0.683033
0.674696
0.310518
-0.14261
0.460338
0.476039
-0.112066
0.462698
-0.166934
0.172864
-0.253108
0.124036
0.392255
-0.639255
0.0660248
0.793884
1.18404
-0.134538
0.0665021
1.3684
0.318468
-0.243656
-0.215914
0.036421
-0.183382
0.0957445
0.183442
-0.644084
0.201345
0.0342006
-0.560627
0.278581
-0.26211
-0.394844
-0.242388
0.32588
-0.319292
0.230032
0.000823015
0.13528
-0.0371767
-0.419309
-0.373529
-0.7439
-0.529796
0.212906
0.534965
0.724563
0.824116
0.164411
0.352778
0.19388
0.0318394
-0.0295169
-0.13044
0.231782
-0.257751
-0.351908
-0.352575
-0.0431149
0.00403356
-0.0395669
-0.62604
-0.660586
-0.148188
-0.113193
-0.242808
-0.0239786
-0.161486
0.038037
-0.0261449
0.0706202
0.192931
-0.00620485
-0.193205
-0.331889
-0.318061
-0.404098
-0.339618
-0.0352923
0.0342589
-0.0703706
0.10869
0.965136
0.386338
0.157753
-0.220508
0.0271148
-0.05377
0.524328
0.488859
1.22167
-0.350764
0.0255594
-0.0698086
-0.118136
0.147973
-0.0356898
-0.152954
0.631621
-0.0961672
-0.151124
0.0937774
-0.383273
0.0164325
0.274573
0.259137
-0.135587
-0.223186
0.147083
-0.148782
-0.159155
-0.0134655
0.15103
0.195563
-0.0787126
-0.636974
-0.107849
-0.229424
-0.20579
-0.275345
0.26838
-0.0107157
0.105762
0.312706
0.602469
0.0738316
-0.117436
-0.359974
-0.00782979
-0.0330476
-0.108523
0.247342
0.529704
0.471582
0.186172
-0.294815
-0.417253
0.170653
-0.113355
0.168965
-0.505322
-0.60987
-0.0757904
0.543985
-0.29061
0.0877375
-0.629211
0.186284
0.216463
0.367864
0.695675
-0.0162685
0.973123
0.185974
0.358222
-0.184922
-0.355942
-0.443115
-0.138171
0.501563
0.90527
0.1214
0.32983
-0.081627
0.0546914
0.0451417
1.49382
1.29812
0.409266
0.122802
-0.0445747
-0.102662
-0.105766
0.0395055
-0.0299702
0.0886973
0.0987499
0.386973
-0.172313
0.065091
0.0665567
0.567893
0.781561
0.035733
-0.294494
-0.0605754
0.271212
0.258169
0.0629271
0.0457193
0.062527
-0.10196
0.553302
0.203728
0.325216
0.203528
-0.234104
-0.169903
-0.229158
0.306675
-0.562149
0.0897074
0.312714
-0.0304442
-0.0285179
0.903143
-0.102915
0.568426
-0.121737
-0.0587352
-0.673458
-0.029876
-0.107843
1.56677
0.172448
0.411964
-0.284179
0.162686
0.243984
-0.0776627
-0.328456
0.0116194
0.223027
-0.160197
-0.257469
-0.104158
-0.0647534
0.312723
0.214798
0.239176
-0.407295
0.824875
0.34364
-0.260871
0.287881
0.0544563
0.0878656
-0.204752
0.0207278
0.234596
-0.224379
-0.259329
-0.434716
-0.271217
-0.693741
0.308139
-0.116053
0.261163
0.506925
0.120903
-0.179896
0.831379
-0.204961
-0.031931
0.425882
-0.645384
-0.200971
-0.220685
-0.0404533
0.20814
0.356589
0.144228
0.0221638
0.203296
0.115317
0.0420857
0.109951
0.0624726
-0.536889
-0.026668
0.815054
0.0757971
0.328154
-0.614435
-0.0684088
0.0872129
0.412356
0.271543
0.243268
0.245367
-0.130166
0.337521
-0.37049
0.535029
0.0958859
0.107455
-0.18567
0.000438701
-0.757099
0.266841
-0.193907
0.226812
0.63733
0.19322
-0.420276
0.423293
0.172745
0.0919655
-0.0414739
-0.0990929
0.119601
0.599011
-0.276325
0.730222
-0.340733
0.472815
0.441918
0.209647
-0.119946
0.27547
0.339576
-0.515978
1.01696
-0.24389
-0.166301
0.652717
0.0796225
0.0445962
-0.697546
0.10077
0.280547
-0.0773844
-0.150904
0.00462912
0.512924
-0.582331
0.05392
-0.347997
-0.103422
0.198257
0.0822339
-0.348411
0.0491903
0.144579
-0.787641
-0.0818239
0.0802099
-0.745184
0.389364
0.276231
0.367733
0.105704
0.0915616
-0.0873434
-0.623283
0.393368
0.549889
-0.0226285
0.226119
0.0309041
-0.225208
-0.139226
-0.28911
0.190325
0.751688
1.03474
0.15574
0.57261
0.0253709
-0.134166
0.0635672
-0.337095
-0.291394
0.200245
0.0595789
0.236869
0.654479
0.508884
-0.238713
-0.240401
0.142649
0.426862
0.0795471
-0.696209
-0.339051
0.0913928
0.40575
1.19748
0.562222
-0.246187
-0.127086
-0.241409
0.0577753
0.240551
-0.0540274
0.218169
1.31653
0.196837
-0.569794
0.0200714
-0.123834
0.434646
-0.282585
-0.0367618
0.786407
-0.404669
0.197839
-0.531757
-0.252885
0.0810525
0.561765
-0.633171
-0.514792
0.0850394
0.320973
0.106213
-0.03999
-0.214711
-0.0318277
-0.119443
0.0127697
0.0178668
0.117879
-0.112871
0.0319562
-0.294599
-0.35327
0.575752
0.377123
0.336676
0.526966
-0.803991
-0.289516
-0.0563633
-0.0693009
-0.145618
0.132459
0.252754
-0.312759
-0.735718
0.142575
-0.136524
0.496092
-0.241511
0.00239766
0.415996
0.253599
0.24575
-0.248367
0.333697
-0.155229
0.139981
0.22255
0.0403145
-0.0464804
0.395415
-0.596997
0.112643
0.0558195
-0.00662539
1.3895
1.17623
0.0426341
0.892148
0.132731
-0.297913
-0.0682643
-0.188846
-0.060952
-0.133766
0.015913
0.0153984
-0.104298
-0.206354
-0.00323459
-0.427662
1.3338
0.190537
0.248548
0.160996
0.164771
0.315824
0.265265
0.0479929
0.036619
1.2677
0.766628
-0.0317921
0.347937
-0.015302
-0.0245666
0.699344
0.0345646
-0.0510856
0.226569
-0.0260044
0.406914
0.0609871
0.331074
-0.0850133
0.0243901
-0.0425764
-0.0244524
0.349916
-0.0483498
0.194303
0.149388
-0.0132388
0.0562503
-0.173218
0.374043
0.663212
0.545225
-0.437313
0.970798
0.663272
-0.275734
-0.243744
0.0766016
-0.103109
0.181718
-0.230258
-0.13415
0.0754417
0.0943811
0.50707
-0.036324
0.607445
0.392072
-0.140078
-0.162956
0.0193973
-0.415023
-0.402366
-0.130637
0.0169721
0.119149
0.256777
0.0886014
0.00509981
0.101516
-0.0607531
0.0777992
0.0451744
0.0571309
-0.131815
0.248325
0.436257
0.371206
-0.0803078
-0.0262991
-0.381655
-0.032647
-0.318528
0.911014
0.0381926
-0.584936
-0.528845
0.125824
0.0662084
0.227679
-0.00629082
0.199821
-0.0651209
-0.189268
1.3612
-0.174946
-0.0866047
0.260997
0.105759
0.873274
-0.0284228
0.363549
-0.783593
-0.229641
1.3449
0.457775
0.0334976
0.628543
0.699437
-0.013955
0.0515109
0.341449
-0.0654358
-0.0562465
0.13822
0.132253
-0.179606
-0.0855267
0.223484
0.30502
0.0318319
0.0545787
0.235771
-0.214984
0.167565
-0.61427
0.119185
-1.06567
-0.703888
-0.0680711
-0.0425868
0.349737
0.702001
0.176733
-0.0163706
-0.637712
-0.0459169
-0.316314
1.29832
0.135066
0.08481
-0.068865
-0.126804
0.108441
1.19446
0.327959
-0.442113
-0.284118
-0.247144
-0.0114669
0.0283555
0.14112
-0.160825
0.0964256
0.175799
-0.299634
-0.0373616
-0.17409
-0.358007
-0.576538
-0.658625
0.712208
1.08328
-0.0147872
-0.429193
0.172248
-0.190764
-0.443312
-0.105924
-0.180423
0.0601528
-0.261133
-0.226268
-0.0785832
-0.435713
-0.393188
0.16248
0.29913
-0.488563
0.0473074
-0.151591
0.0316084
0.127841
0.41832
-0.987342
-0.00803487
0.246244
-0.15773
-0.179148
0.320666
0.210026
0.282196
-0.0922664
-0.0172506
0.201377
0.0937853
-0.0589986
-0.00629085
0.00794933
0.0202363
0.00308853
0.0477235
-0.0644218
0.126279
0.639718
-0.704186
-0.425441
0.179542
0.0111628
-0.323552
0.969882
0.0660846
0.0359907
0.155872
0.172616
0.0572429
-0.0896873
0.032737
0.0707463
-0.0321605
0.192149
-0.153736
0.493577
0.168088
0.10917
-0.00193566
-0.00101265
0.101438
-0.314331
-0.156487
-0.0756166
-0.532508
-0.549524
-0.019873
-0.20123
0.217414
-0.157957
0.0953447
0.035241
-0.0324762
-0.229605
0.193314
-0.0667177
-0.232255
-0.141777
1.46662
0.621203
0.592229
-0.160418
-0.381924
-0.105299
0.0376945
-0.553349
0.0300803
0.00151752
0.0583144
-0.147216
-0.344338
0.0951572
0.0109092
-0.167973
-0.207847
-0.237861
-0.170179
-0.537201
-0.211434
-0.448532
1.43833
0.286237
-0.168497
-0.0361935
0.00410264
0.217871
0.425288
0.441596
0.171329
-0.408105
0.10257
-0.0910816
-0.224095
-0.163573
0.109982
0.162246
0.176769
0.250822
-0.228678
0.173297
0.607607
0.271008
-0.0988323
-0.116479
0.961115
0.498487
-0.130665
-0.206373
-0.167385
-0.325467
-0.0230371
0.0158479
1.48994
0.11393
0.128844
0.146708
0.497594
0.578118
0.0435291
-0.355184
-0.0868425
-0.557533
0.866876
0.145576
0.200103
1.27254
-0.255661
-0.00227868
-0.182549
-0.195985
-0.139599
-0.492614
-0.243762
-0.219565
0.629476
0.245886
0.123765
0.033534
-0.476801
-0.245832
-0.191555
-0.170721
0.298241
0.354932
-0.514387
0.327113
0.380457
0.507202
-0.200611
-0.212402
0.0144114
-0.123778
0.632411
0.231097
0.536199
0.24616
0.251974
0.153896
0.628266
0.357233
-0.149212
-0.0688471
0.165027
-0.0557239
-0.345902
0.0349822
0.226487
-0.0338395
0.0272301
0.0575485
0.167923
0.299528
0.933206
0.166905
-0.132835
-0.066234
-0.681596
-0.168196
-0.185592
-0.0334207
0.448858
0.328172
0.743854
0.0100109
-0.000358306
-0.0603242
-0.0231833
-0.688332
-0.364215
0.215904
0.25719
0.828226
0.0559328
1.14218
-0.170797
-0.778988
0.108976
-0.353303
-0.169562
-0.318374
0.13581
-0.0675591
0.092703
0.217776
0.308426
-0.0509685
0.105783
0.040273
-0.0748987
0.00908457
0.0630597
-0.313442
-0.0950836
-0.649226
-0.151256
-0.227738
-0.268152
0.324322
0.282916
-0.169214
0.551488
0.229319
0.110865
0.081939
-0.36842
-0.0202927
-0.540033
-0.245199
-0.287291
0.0820817
0.0178469
0.0484784
-0.331487
-0.316963
-0.250615
-0.215276
-0.0735086
0.244461
-0.0461843
-0.549222
0.235358
-0.169173
0.574446
0.57192
0.022329
-0.13403
-0.0623041
0.113261
0.350069
0.180678
0.236921
0.159921
0.161343
0.205656
0.417391
0.113463
0.411555
-0.577105
0.743171
-0.271561
0.237372
-0.0957347
-0.25292
0.286783
1.53637
-0.034377
-0.357496
0.0692459
-0.306288
-0.253489
-0.267719
-0.063634
0.0117812
-0.23355
-0.262865
-0.548476
0.0820672
0.28689
0.00405218
0.00546535
-0.237626
-0.00955884
-0.0901017
-0.136847
-0.14957
-0.0228903
0.0409586
-0.154929
-0.301357
-0.145542
-0.694859
-0.243858
-0.540134
0.292486
0.284539
-0.293634
0.296736
0.1769
0.327006
-0.103714
-0.166373
0.0130565
-0.120914
0.0923425
0.709826
-0.426861
-0.0365187
-0.219646
-0.436035
0.276884
0.240292
0.0373641
0.615715
1.33632
1.28923
0.644734
0.428858
-0.181848
0.290786
-0.109839
-0.029345
-0.104853
0.269635
-0.43185
-0.0823482
-0.0126366
0.186217
0.336791
0.214039
-0.443941
-0.159104
-0.226233
-0.0907609
-0.455985
-0.228261
-0.166884
0.0660597
-0.187089
0.00586573
0.121468
0.362439
-0.422056
-0.247869
0.0868824
-0.113161
0.18123
0.0419427
-0.896961
0.182361
-0.0811843
-0.197853
-0.973654
-0.408345
-0.613384
-0.236583
0.000219251
0.0226668
-0.0581981
0.619283
0.222023
-0.216419
0.468577
-0.0788823
0.203686
-0.498221
-0.429191
0.100767
-0.151051
0.45869
0.035093
0.182918
-0.165026
-0.169001
0.244356
-0.0328939
-0.221963
-0.267863
0.000324334
0.093767
-0.00882242
-0.453298
0.12455
0.177947
-0.486828
0.725017
-0.453094
-0.0392407
0.0276027
0.0423978
-0.00528163
0.861443
-0.063021
-0.41326
0.360349
-0.981222
-0.0635963
-0.283807
-0.800192
0.429634
-0.00547749
0.232739
0.727223
0.321634
0.204421
0.134976
0.271588
-0.312866
0.794676
-0.0939798
-0.461629
-0.299627
-0.0230319
-0.218301
-0.23851
-0.369744
-0.272305
-1.07339
-0.00914818
-0.103385
-0.549933
0.00608036
-0.170481
-0.0244504
-0.0256535
-0.075873
-0.042356
0.110938
0.0784535
0.0831014
0.904814
1.40674
1.3162
0.480772
0.800748
0.824223
0.134213
0.122463
-0.0697397
0.0260129
0.255127
0.171317
-0.37447
-0.224535
0.696299
0.392432
-0.474906
-0.18061
-0.169502
0.565255
0.105626
-0.16892
0.206618
0.0998287
-0.246484
-0.443928
-0.426766
0.135668
0.0563525
0.235284
-0.00261241
-0.0505609
0.14437
0.0170258
-0.0161123
-0.334161
-0.548929
-0.16727
0.464421
0.210951
0.260657
0.441975
0.875894
0.150608
-0.10246
0.433064
0.406568
0.0466327
0.356078
1.53077
0.109521
0.29578
0.637269
0.207889
-0.066945
-0.485925
-0.366201
0.0380099
-0.490223
-0.41268
0.0550676
-0.452733
0.304033
0.259044
0.0526517
0.0937034
0.0394431
-0.0398904
-0.03914
0.34137
0.22752
0.165209
-0.0176214
-0.141138
-0.130836
-0.0144297
-0.218965
-0.0568586
0.0546133
-0.179548
0.0583609
-0.170927
0.35814
-0.177405
0.806109
0.408877
0.0114813
-0.661667
0.34173
0.101168
-0.307899
-0.325013
-0.250637
-0.952466
1.17354
-0.0424552
0.800223
0.132412
0.324609
0.118593
0.631574
0.051169
0.508828
-0.137443
-0.581225
-0.0758968
-0.0320604
-0.0769061
0.0723649
0.260768
0.0764771
-0.235134
-0.439061
-0.0802791
-0.211221
-0.115507
-0.0188397
0.115115
0.255668
-0.454935
0.189561
0.045679
0.0743371
0.0610196
-0.341083
-0.0699444
-0.203606
0.0634152
-0.00695738
-0.0896817
0.0460701
-0.0245354
-0.66202
-0.0443613
0.0916631
0.166532
1.20935
1.7482
0.0431079
0.301805
0.31676
-0.0952815
0.472848
-0.469042
-0.0778712
-0.049515
-0.419182
-0.0605447
0.138568
-0.0352369
-0.267305
-0.0347644
-0.555093
-0.00482624
-0.113795
-0.0664987
0.0853703
0.294646
0.548715
0.0259191
-0.217871
-0.225261
-0.0346717
-0.130756
0.019318
-0.274761
-0.239645
-0.259976
0.40399
-0.101748
0.0562549
0.00341323
-0.406366
0.0353016
0.0766634
-0.0001331
0.346788
-0.0177955
0.302345
0.163227
0.225636
-0.161565
-0.13079
-0.118194
0.12438
-0.0509414
-0.086589
-0.684777
0.0313043
-0.227814
-0.273312
-0.103139
-0.128366
-0.353465
0.00915149
0.0596281
-0.461974
-0.345368
-0.0147555
0.373572
0.0593646
0.171753
0.734325
-0.374714
-0.117303
0.207708
0.103523
-0.391891
0.20588
0.124441
-0.093387
-0.543838
-0.0959846
-0.363411
0.40996
-0.245691
-0.266007
0.0715137
-0.185076
0.0507169
0.0675783
-0.138049
-0.222486
0.026195
-0.00345473
0.292735
-0.0433385
-0.0541382
-0.3661
-0.383354
-0.298615
-0.0188721
-0.282421
-0.091662
0.407248
-0.152956
-0.139972
-0.0477941
0.150605
0.494116
0.224871
-0.175491
0.224297
0.641659
-0.109793
0.244596
0.183488
0.620935
1.4168
0.00158459
0.10652
0.505465
0.560845
0.264351
0.083413
-0.0775749
-0.253836
0.207685
0.101646
-0.109272
-0.211959
0.21612
-0.222859
-0.326823
0.0499492
-0.495408
0.278101
-0.0627801
0.0139911
-0.0909645
0.197062
0.421499
-0.333226
-0.303292
-0.0297311
0.907179
0.455767
0.909542
0.993083
0.485104
0.0677431
0.363356
0.698154
-0.115774
-0.0118696
-0.194384
-0.167235
-0.0530317
-0.189085
0.320619
0.0589299
0.994793
0.368119
0.00890161
-0.250448
-0.436453
0.100873
0.525426
0.461756
-0.939385
-0.284713
0.293612
0.488488
0.293505
0.00684898
-0.0451179
0.222551
0.338811
0.0756469
1.66306
1.23533
-0.0967404
-0.073169
0.152321
0.0116854
-0.243934
0.0162956
0.0110978
-0.337009
-0.0244032
-0.367038
-0.49549
-0.219998
0.0728155
-0.0361258
0.172929
0.00237531
0.770316
-0.669101
-0.0251652
0.10552
-0.10088
0.148557
1.01216
-0.191083
0.180714
0.0229095
-0.0196613
-0.0415489
-0.209946
-0.00425107
-0.332225
0.0798659
0.0936787
0.0162893
-0.00825057
0.253831
-0.0720237
0.0469403
-0.0705674
-0.336631
-0.0532236
0.16282
-0.507923
0.114745
-0.329457
-0.0755407
-0.166857
0.0088351
-0.11554
-0.289491
-0.109907
-0.777943
-0.123587
0.0121409
-0.0879334
-0.274877
-0.0290759
0.576335
0.422248
0.16605
-0.082341
-0.283514
-0.0506776
0.0531757
1.04805
0.391359
-0.0586008
-0.494669
-0.490666
-0.024934
0.68823
0.205407
-0.0528161
-0.315529
0.0349327
-0.0803452
-0.31829
0.0406123
0.747908
-0.164433
0.0562193
0.381037
0.135085
0.161716
-0.444045
-0.571038
-0.177575
-0.112534
0.211044
-0.454132
0.989831
0.0456244
0.0691561
0.171563
0.0213176
-0.014775
-0.122721
-0.233428
0.202493
0.078912
0.209392
-0.0181364
-0.475757
-0.118816
0.563262
1.16568
0.203021
0.35372
0.237571
-0.28653
0.239363
-0.102652
-0.212365
-0.0206656
0.299553
-0.20946
-0.303245
-0.0692344
-0.0478533
-0.383888
-0.202472
-0.0984739
0.186269
-0.165519
0.204624
-0.0709573
-0.131335
-0.158553
-0.155017
-0.122171
0.0599119
1.23052
-0.34999
-0.503882
-0.107264
0.329896
0.316613
-0.0643842
0.424437
0.113813
-0.147611
-0.291778
-0.105796
0.515919
0.935337
0.316038
0.394666
-0.0354031
-0.338916
0.256681
0.255574
0.0583921
-0.143641
0.557418
-0.490252
-0.42058
-0.144436
0.276056
-0.0313374
0.186421
-0.0394904
-0.153137
-0.213079
0.528002
0.661373
-0.582497
-0.279791
-0.174215
-0.376758
-0.308961
-0.0817098
0.834175
0.196908
0.0997127
-0.26954
-0.30409
1.07845
0.0119472
0.538491
0.332812
-0.297827
-0.00965903
0.330709
-0.000935983
0.16309
-0.0364911
-0.0664543
0.0167175
-0.392891
-0.116015
0.0591298
1.17486
0.00789173
0.452928
-0.31092
0.117665
-0.0722242
-0.0678763
0.201986
-0.196301
-0.275528
-0.0714296
0.488579
0.510728
0.155924
-0.247709
0.0991721
0.332261
0.325669
0.0750414
-0.275207
-0.235096
-0.0486558
0.573872
-0.00611521
-0.205693
-0.379497
0.108708
-0.0643188
0.176399
-0.00434987
-0.182468
1.28848
-0.0117264
-0.044319
0.157469
0.30828
-0.131915
-0.464439
0.0515215
-0.216541
0.140299
-0.131812
-0.208425
0.173288
-0.223299
0.242238
0.510846
0.306065
-0.0453725
-0.155422
0.0337252
0.00229127
-0.0849228
0.22955
-0.107595
-0.0573816
0.0942246
-0.0109663
0.0348895
0.303779
0.316711
0.183021
0.0337251
0.335042
0.154912
0.377414
0.298821
0.0823992
0.282217
0.0245818
0.144329
0.22366
-0.160658
-0.210394
0.135768
0.610177
0.121313
0.654684
0.664255
0.630666
0.147095
0.206132
-0.201433
-0.254578
0.007734
-0.0910722
0.23099
0.103654
-0.466391
-0.0840519
0.0477411
0.0938482
0.131845
0.171749
0.114635
-0.229205
-0.259974
-0.101992
0.202675
1.39267
1.62803
-0.0572514
-0.0896642
-0.0702082
0.38534
0.125569
0.384441
-0.293736
-0.155065
0.164352
0.0426647
-0.210111
0.280576
-0.815125
0.103487
-0.483878
0.12777
-0.0650007
0.310795
-0.254818
0.373027
-0.443198
-0.0720652
0.0326505
-0.208791
0.104183
0.0383041
-0.503663
-0.504468
0.521029
-0.0746398
-0.0260974
0.136648
0.32801
0.171701
0.677736
0.207995
0.213465
0.313738
0.0379605
-0.631327
-0.478845
-0.0331064
-0.541358
-0.297389
0.363069
0.269014
-0.0804318
0.0778909
0.372234
0.428351
0.316757
-0.0358486
0.653472
-0.171767
-0.0307419
-0.116389
-0.0155039
0.238335
-0.230277
0.244701
0.218715
-0.444819
0.245686
-0.0943595
0.40259
0.326982
1.54734
-0.712335
-0.805913
-0.299139
-0.464142
-0.147211
-0.260504
0.0258605
-0.0805977
0.214416
-0.279402
0.17591
-0.193325
-0.0304677
0.0811044
0.317711
-0.0617424
0.0237684
0.00203169
-0.212394
-0.217057
0.153148
-0.109868
-0.178643
-0.465389
0.550817
0.202998
0.000367115
0.173806
-0.0309388
-0.538918
0.334502
-0.277109
0.0585054
0.25763
-0.401687
-0.56284
-0.179035
-0.618469
-0.476991
0.573485
0.401867
-0.207401
0.25072
0.0251386
0.0542166
-0.0263407
0.385932
-0.492525
0.532152
0.309682
0.322279
-0.416669
-0.772631
1.26609
0.177258
0.535083
0.0226525
-0.19174
-0.914801
-0.130634
-0.744705
-0.246123
-0.0617586
0.0554345
-0.765455
-0.705778
0.278797
-0.102114
0.185979
0.264645
-0.712615
0.332806
0.240507
0.0167823
0.0656944
-0.0849361
0.00515686
0.19382
0.00071309
-0.12019
0.248813
-0.405488
-0.486707
-0.463252
-0.321942
-0.0993374
-0.198599
0.0250016
-0.130298
0.351732
-0.432309
0.284992
0.215543
0.175942
-0.0527499
0.0816904
0.0583031
-0.0476877
-0.00380119
-0.308902
-0.0403285
-0.268834
-0.0993235
0.471555
0.475264
0.732292
-0.659442
0.181296
0.111029
0.186198
-0.119758
0.129079
0.473338
0.0350663
0.130108
-0.27817
0.241649
0.0608099
-0.0458525
-0.00950277
0.00915874
-0.00335968
-0.180165
0.124135
0.206578
-0.372009
-0.975059
-0.0237707
-0.124968
0.105612
-0.0630338
0.0761605
-0.152228
-0.212428
0.210756
0.394502
0.274885
-0.561235
-0.518953
0.333205
-0.055481
-0.0217545
0.0760391
0.231783
-0.161832
-0.115177
-0.124685
-0.00958305
0.380659
0.0261627
-0.0112592
0.00515241
0.0830765
-0.0531013
1.15004
0.500988
0.209816
0.151243
-0.400043
-0.286959
-0.0386701
0.294729
-0.102626
-0.529442
-0.270313
-0.249587
0.29688
-0.12094
0.0435543
-0.0598023
-0.0882606
-0.193738
-0.0168381
-0.032002
0.269617
-0.0989996
0.182749
-0.602297
-0.0992119
0.392212
-0.229377
-0.303327
0.245828
-0.20613
-0.287845
0.183277
0.0563014
-0.00335157
-0.222526
-0.217027
-0.173373
-0.291458
-0.361941
-0.34251
0.273206
-0.178634
-0.507003
-0.501361
-0.419857
0.194783
-0.102819
0.0258047
-0.182438
0.364942
0.28887
0.18854
-0.00787639
0.348522
-0.482652
0.172341
0.0489767
0.103204
-0.523222
-0.348479
-0.0613769
0.418856
1.00619
0.604998
-0.0951798
-0.0349907
-0.169579
-0.251791
-0.301191
0.336545
0.628659
0.0518654
0.144045
0.602627
0.158664
0.349256
-0.0796007
-0.0440795
-0.109557
-0.320159
0.224097
0.505466
1.0107
-0.0522395
-0.513379
-0.112368
-0.817064
-0.0344328
-0.517123
-0.103437
0.274336
-0.064384
0.130055
0.343148
0.0397029
0.0231799
-0.391974
-0.0467473
-0.0898543
-0.066482
0.358719
0.312341
-0.00848449
0.134441
0.291349
-0.105719
0.0908345
0.171436
-0.736437
-0.0858762
-0.349642
0.320573
-0.253032
-0.105295
-0.021919
0.417153
-0.123974
0.229067
-0.0682333
-0.371642
0.610816
0.2454
-0.116004
0.105848
0.120067
0.279381
0.0777082
-0.011313
-0.242902
0.501991
-0.195007
0.02882
-0.467304
-0.122028
0.120278
-0.726286
-0.0852412
0.0538168
-0.292198
0.0145293
-0.045065
0.36409
-0.176122
-0.458683
-0.212703
-0.0179511
-0.230674
-0.237686
0.696567
0.251327
-0.164776
-0.0839792
0.199947
-0.207679
-0.0423978
-0.276196
-0.216407
-0.208642
0.00162064
0.0406106
-0.118508
0.00363734
-0.0481644
0.00931028
-0.260276
0.0503657
0.164908
0.0797837
0.738382
-0.244985
-0.12314
-0.0925052
-0.0824668
0.261899
0.176393
0.648583
0.21318
-0.0506131
0.0638173
0.0157532
-0.0328305
-0.192126
-0.698017
-0.295451
0.157177
-0.156861
-0.820115
-0.244594
-0.33942
0.318387
0.0789871
-0.18709
-0.0389106
-0.123967
-0.338224
0.138382
0.340899
0.531156
-0.0809177
0.125002
-0.137199
0.265945
0.314286
0.103616
-0.0435961
-0.124081
-0.13908
-0.425462
-0.163666
0.0470519
0.157202
0.499604
0.0393007
0.0776354
0.32738
0.16197
-0.164346
-0.312487
0.15428
-0.0357248
-0.0453415
-0.120605
0.899195
-0.281285
-0.210529
-0.227419
-0.180283
0.638504
0.0486589
0.0970468
-0.268953
0.993151
-0.0129304
-0.433939
0.789451
-0.0308779
0.127035
-0.199143
0.0816168
0.282488
0.146964
0.156367
-0.0770659
-0.197157
0.0471761
0.116387
0.130303
0.741758
0.746111
0.386962
0.124238
0.138153
-0.528419
-0.0123282
-0.11258
-0.448989
-0.163952
0.0494337
0.0330184
0.117496
0.336166
0.12608
-0.190093
-0.112156
-0.185024
0.253529
-0.0349472
0.357145
0.24341
0.616976
-0.400101
0.102837
0.291173
0.302708
0.152761
0.0338572
-0.0452884
-0.579952
-0.594106
-1.17271
-1.04371
0.218731
0.176792
-0.396169
0.403506
-0.00940221
-0.334745
-0.188737
-0.0627725
-0.257527
-0.452784
-0.740416
-0.051158
0.140582
0.303593
0.151045
0.026007
0.0443727
0.309379
-0.410466
-0.109662
-0.489963
-0.0796262
0.368458
0.405548
0.094071
-0.231672
-0.0519114
-0.31227
-0.222891
0.0523035
-0.0100152
-0.646854
-0.136946
-0.163152
0.0845181
0.957742
0.533702
-0.223011
-0.0287203
-0.597156
-0.151841
0.114276
0.513843
0.0735317
-0.464821
-0.152882
0.34143
0.37061
0.429514
0.119982
0.0749238
-0.0439189
0.0973112
0.156944
0.362269
0.214015
-0.165985
0.22407
-0.172909
-0.412088
0.335297
-0.206793
-0.141683
-0.42099
-0.60757
0.231536
0.211737
0.581377
0.158226
0.221021
0.297243
0.15592
0.205348
0.598852
0.104547
0.370393
1.1781
-0.091994
0.418906
0.077455
0.315121
0.381956
-0.0113587
-0.573964
-1.01152
-0.136748
-0.0359539
-0.44091
-0.201261
-0.0516333
0.805741
0.0339418
-0.391618
-0.145725
-0.0073874
-0.362026
-0.00512764
-0.109125
-0.0943953
-0.138439
0.204661
-0.000607321
0.532808
0.00290081
0.568554
0.564193
-0.0122431
-0.0148801
0.44772
-0.0953978
-0.0185946
0.0705847
0.312506
0.252118
-0.28332
-0.155677
-0.119683
-0.401519
-0.100909
0.102859
-0.145571
0.0487731
-0.129511
-0.353903
-0.27957
0.0837129
0.0130314
-0.00521571
-0.482976
0.121854
-0.127519
-0.504738
-0.310091
-0.0436142
-0.493778
-0.38288
-0.569144
-0.148919
-0.128322
0.332174
-0.0708944
-0.314945
-0.543656
-0.0188459
0.342757
0.0919784
-0.360986
0.404484
0.183344
-0.0163489
-1.13858
0.810683
-0.760808
-0.430044
-0.398634
-0.0948335
-0.146731
-0.185572
-0.197465
-0.112934
0.0205365
0.0545863
0.111815
-0.144176
-0.063221
0.940676
1.28764
0.646249
0.42537
1.03472
0.179941
0.10169
-0.399803
-0.314856
-0.162771
-0.296244
1.22631
0.207941
-0.69401
-0.137235
-0.000361622
0.00557858
0.436408
1.00419
-0.0587407
0.526495
0.554451
-0.472816
-0.380063
0.133115
0.14868
-0.0478755
0.151038
-0.0205778
0.540467
-0.248488
-0.172723
-0.0168312
0.175964
-0.0801347
0.309843
0.422816
0.437343
-0.0666504
-0.141937
-0.390196
0.0215436
-0.310266
-0.335752
-0.0537555
-0.0689955
-0.0330253
-0.0698515
-0.557608
-0.649838
-0.269565
0.0317005
0.0210774
0.401935
0.00765969
0.00709862
-0.651789
-0.693284
1.36674
1.34499
0.095569
0.248885
0.0621645
0.0907995
-0.193148
-0.157903
0.0703619
-0.365654
0.10111
-0.441177
-0.304033
0.00942509
0.236803
0.152573
0.362944
0.0990575
0.250705
0.279565
0.0960276
0.026605
0.0812648
-0.360034
-0.00787787
-0.0832447
-0.0946553
-0.325026
-0.0566622
-0.118041
-0.537583
-0.220861
0.191152
0.763827
1.10402
0.133702
0.285194
0.163385
0.0368639
0.421111
-0.338316
0.0753881
-0.0183442
-0.187497
0.195416
0.236785
0.194133
-0.110267
0.303169
-0.441809
-0.187202
1.39898
0.295714
0.0603813
0.122361
-0.207599
0.242152
0.126362
0.255492
-0.114545
-0.449776
-0.28908
-0.221609
0.0122848
-0.00308411
-0.96762
1.35773
-0.0377843
-0.174928
-0.555422
1.19506
0.448721
-0.240611
-0.393655
-0.262456
0.488674
0.0498532
-0.706052
0.121021
-0.747114
0.158305
-0.182312
-0.43058
-0.483583
-0.112665
-0.287705
-0.234683
-0.194529
-0.123303
-0.0246778
-0.339806
-0.169491
-0.0683805
0.566746
-0.0475081
-0.190202
-0.738253
-0.760096
-0.234436
-0.161588
-0.391772
-0.101357
-0.00145536
0.339006
0.0512965
0.612091
0.211656
0.193823
-0.129419
0.15144
-0.656987
-0.491197
-0.0794429
0.141738
0.399367
0.183447
0.226612
0.850641
0.0311629
-0.10385
0.713342
-0.0657886
0.118039
0.685513
0.130118
0.00589106
-0.104443
0.119794
-0.200936
-0.0636937
-0.592362
0.223793
0.105478
0.342738
0.0627864
0.0983609
0.482718
-0.229778
-0.135153
-0.0343021
-0.124482
-0.411173
-0.269314
-0.0614212
-0.0396748
-0.0106291
0.139176
0.253755
0.532522
0.112388
-0.480274
-0.172173
-0.0155212
0.630604
0.0800633
-0.919949
0.177741
-0.755034
0.0510264
0.135223
-0.199011
-0.0931142
0.0298196
-0.528524
-0.271588
-0.285407
-0.0795791
-0.190979
-0.0779162
-0.15361
0.0455303
-0.563816
0.377058
0.0927466
-0.724627
0.190878
-0.0474981
-0.0448525
-0.0467675
-0.0958337
-0.0559109
-0.104893
-0.0167427
0.0981524
-0.0293304
-0.0279574
-0.0598403
0.0582934
-0.461797
-0.0977939
0.00960642
0.244511
-0.251752
-0.469433
-0.271589
-0.267181
-0.186405
-0.642471
0.163775
0.189816
-0.108727
-0.280525
0.920647
0.0841916
0.0631545
0.200852
-0.204065
0.425498
-0.280597
-0.221547
-0.0567764
0.183821
0.0302412
-0.0381179
0.328817
0.121921
-0.778686
-0.408477
-0.340851
0.48959
0.121271
0.43234
0.0876611
0.242103
0.137526
0.830033
0.0427159
-0.118619
-0.371785
0.428554
-0.319458
0.164873
-0.217423
-0.529659
-0.14997
0.503856
0.558742
0.609816
0.274515
-0.0794525
0.106318
0.0907047
0.251329
0.292845
0.305983
0.399684
0.963582
0.934597
0.168025
-0.139688
0.162971
-0.421702
-0.111133
-0.512359
1.15198
0.0914352
-0.044912
-0.294173
0.0909642
-0.174875
0.00573087
-0.185969
-0.123054
0.641362
0.530137
-0.381216
-0.537131
0.241104
-1.08311
0.726893
0.665061
0.629718
0.457453
0.561146
-0.0236582
0.686122
-0.173519
-0.192687
-0.375984
-0.303467
-0.0308378
0.0561788
-0.0755036
0.0208517
1.50103
0.00303506
0.90134
0.512116
0.290128
0.106941
-0.105004
-0.315524
0.15572
0.296933
0.829283
0.746111
0.110003
-0.298886
-0.268051
-0.179645
-0.0243828
-0.0899873
0.0177293
0.162088
0.173725
-0.212806
0.502226
-0.41843
-0.121177
0.339502
-0.137359
0.77518
-0.112083
0.352326
-0.276202
-0.234954
-0.187472
0.06069
-0.12667
-0.154944
0.319302
-0.726404
0.000832884
-0.00670346
-0.242682
0.366703
0.0751745
-0.0870116
1.31619
1.44684
-0.234542
-0.106121
0.517679
0.798516
0.412339
1.25264
0.109854
0.287436
0.132012
-0.0232875
0.170667
-0.0586073
0.019041
-0.0854229
-0.19868
0.546369
-0.540196
0.296262
0.281359
-0.4832
0.720629
-0.133383
-0.348293
-0.330878
-0.383298
0.190522
0.0529513
-0.310444
-0.231876
-0.265705
-0.528248
-0.512927
1.49308
-0.0990935
1.42093
-0.466128
0.297282
0.235031
-0.161773
-0.197001
-0.215599
-0.356285
-0.0664221
-0.0465175
0.00774234
-0.363508
0.171223
-0.065128
-0.0935241
-0.0764414
-0.847815
0.117262
0.168895
-0.289224
0.122959
0.239886
-0.0917365
-0.065128
-0.552402
0.871083
-0.158919
-0.185198
0.394631
0.743705
0.475042
0.00476146
-0.0560005
0.393002
-0.97858
0.0760142
0.0376099
0.519368
-0.0528686
-0.0726445
0.291804
0.124626
-0.0104007
-0.0386487
0.424719
-0.547801
-0.508973
-0.390305
-0.430186
-0.72371
0.640234
0.74958
-0.110066
0.0339249
0.0116109
0.115335
0.215506
-0.0224792
-0.116672
-0.269447
-0.146791
0.269902
-0.231317
-0.0664987
0.488908
0.498573
-0.357216
-0.552931
-0.199876
-0.184195
-0.228312
-0.643714
-0.174137
0.0949802
-0.23056
-0.140921
0.0467575
-0.51262
-0.0206079
-0.293992
0.05919
0.224565
-0.244146
0.0378797
-0.15872
-0.473916
-0.539982
0.362456
0.240913
-0.33766
-0.0750873
-0.242859
-0.205771
-0.145332
-0.0166635
0.801509
0.064549
0.22006
-0.811885
-0.268965
0.120053
0.372999
0.855206
0.459034
0.171789
-0.609887
-0.211125
0.405197
0.258589
-0.0435961
-0.102072
-0.00031323
0.174445
0.00720541
0.163932
0.145745
0.2695
-0.237293
0.237605
0.0565438
0.0431427
0.0986809
0.102251
0.0735714
0.0570296
0.338703
-0.0699885
-0.0268097
-0.323465
-0.258608
-0.183171
-0.0255677
-0.441158
-0.0346012
-0.0194855
-0.162569
-0.189276
0.0290496
-0.10839
-0.0109545
-0.0726914
0.0500715
0.170368
0.226008
-0.0884857
0.208061
0.27388
-0.357363
0.0138303
0.0412693
-7.23832e-05
0.261655
0.758802
1.04444
0.202559
-0.315035
-0.778572
-0.108512
0.468216
0.650358
0.141398
-0.109129
0.165545
0.731108
-0.235014
-0.06667
0.210563
0.308762
0.642217
-0.442637
0.283398
-0.0210807
0.140307
0.407847
0.287775
0.358866
0.593113
-0.761613
0.268449
0.923131
0.827711
-0.132744
0.049559
-0.311288
-0.146568
0.221163
-0.311954
-0.0105725
-0.0542236
0.187382
-0.203916
-0.509148
-0.0625075
0.0542152
-0.211528
0.278483
0.0632395
0.00812635
-0.310849
0.425394
0.583464
0.707237
0.181903
-0.43596
0.013308
-0.0104133
0.488257
0.448058
0.178998
-0.5973
0.203928
0.377257
0.0367836
0.379063
0.291499
-0.20677
-0.248626
0.0245208
0.319407
-0.035701
0.167246
0.00602077
-0.0317994
-0.172006
-0.591816
-0.0863772
-0.0867155
-0.271933
1.21228
-0.0334035
-0.0507671
-0.0961306
-0.411858
0.373751
-0.221224
0.159398
-0.423411
-0.0446515
0.233634
-0.487763
0.0963198
1.4658
0.27836
0.249542
-0.0283798
-0.0333298
-0.160268
-0.380978
-0.253031
0.0936372
-0.278275
-0.300548
0.297561
-0.188794
-0.345599
0.0300712
1.32704
0.3012
0.0618484
-0.202925
-0.435604
0.172335
0.0308623
-0.275423
0.177455
-0.126698
-0.487945
0.0946704
-0.149961
0.153851
-0.390767
0.223234
0.0664092
-0.145303
-0.378883
-0.0321369
-0.195983
-0.591133
-0.224379
-0.131334
0.00581399
-0.144126
-0.0132829
-0.107305
0.0983039
0.651925
-0.195312
-0.172594
-0.322724
-0.243939
0.224354
0.280743
0.661907
-0.0993903
-0.792567
-0.0631849
0.10093
-0.202836
-0.17828
0.259985
-0.00615149
-0.051332
0.312382
-0.0568855
-0.188543
0.410778
0.498212
0.220292
0.276806
-0.195117
0.605783
-0.0803663
0.139971
0.282883
-0.0116308
0.139935
-0.293352
-0.369797
-0.139476
-0.526343
0.0421265
-0.0769884
-0.0174429
-0.547074
-0.63893
0.215776
0.314991
-0.0493151
0.155672
-0.0222912
-0.0926773
0.397981
0.00105275
-0.0124644
-0.100628
-0.704858
-0.172287
0.0650406
0.132836
-0.0573777
-0.136248
-0.16242
-0.163787
-0.00844455
-0.0260879
0.591035
0.518449
0.336585
-0.0154327
0.0700841
0.287612
0.0702536
-0.344214
0.942662
0.169465
0.65469
-0.0217289
0.199183
0.303357
-0.60221
0.19284
1.32602
0.458261
0.286741
-0.449801
0.0163123
-0.136537
0.210855
-0.056869
-0.0480261
0.67263
0.0145379
0.177283
0.803504
0.734457
-0.0630178
-0.1213
-0.246199
0.132816
0.108046
0.148002
0.119799
-0.273256
0.0136177
-0.128802
0.0237446
0.0117864
-0.284597
-0.0229626
0.232528
-0.290548
-0.00695125
-0.158147
-0.1952
0.057151
-0.115746
0.610179
-0.0444108
0.0807346
-0.107836
-0.00311863
0.0702526
-0.237953
-0.113836
-0.426244
-0.29067
0.793916
0.179756
0.272237
-0.121508
1.07807
-0.0564514
-0.00798664
0.135561
-0.249878
0.336836
-0.308252
0.132567
0.190604
1.13144
-0.499442
0.201547
-0.236761
-0.0154191
0.342635
-0.566967
0.489783
-0.00578334
-0.126314
-0.130335
0.0103023
-0.0146056
-0.122899
-0.31093
0.109341
0.462405
-0.414439
-0.658157
-0.243113
-0.0501182
-0.192868
0.22877
-0.205924
0.00562463
0.241972
-0.292387
0.132382
-0.201532
-0.384768
0.242388
0.897242
0.428642
0.278075
0.0756664
-0.0613509
-0.178752
-0.44705
-0.315524
0.249518
0.0662003
-0.565435
0.485359
-0.0124558
-0.213639
-0.315394
0.424499
-0.581322
-0.396345
0.391904
0.64885
-0.129081
-0.315151
-0.0639411
-0.195612
0.303243
-0.379564
0.00201077
-0.178023
0.083028
-0.117896
-0.0603955
-0.204126
-0.115308
-0.224826
0.277211
-0.499116
0.84285
0.239718
-0.166674
0.00494434
0.208903
-0.41993
-0.0146523
0.00778943
0.298735
-0.10635
-0.0400485
-0.25843
0.292025
-0.210459
-0.154217
-0.0285892
-0.409261
-0.165734
0.05396
-0.0779505
-0.710102
0.144757
0.19609
0.106941
0.353647
-0.51078
-0.328944
-0.119839
-0.345479
-0.175089
-1.01944
0.470895
-0.331841
-0.299263
-0.416769
-0.0874931
0.0182675
-0.0291427
0.717465
0.136303
-0.358404
-0.565951
0.169981
-0.352278
-0.344402
-0.063835
0.0480145
-0.196293
-0.00672605
0.339915
0.378326
-0.245306
-0.453925
0.0677658
-0.130754
-0.263211
-0.132368
-0.148764
-0.0279859
-0.417634
-0.0595326
0.360281
0.445533
0.840868
0.746229
-0.698368
-0.109401
0.475392
0.975332
1.25326
-0.0873862
-0.0452254
-0.296711
0.318544
-0.254584
0.00784333
0.677406
-0.264666
-0.0996371
0.0984237
0.162219
0.0412036
0.101336
1.18847
0.87333
-0.135155
-0.291153
-0.227759
-0.125714
0.347247
0.131296
0.221355
-0.249635
0.194956
0.249843
-0.465023
-0.112926
-0.042288
-0.0385707
-0.325836
-0.0384803
-0.214026
0.0273563
0.0143482
0.0667668
-0.0255548
-0.0584324
-0.0425658
-0.0126366
-0.00040774
-0.498286
-0.556838
-0.535273
-0.143359
0.0537925
-0.0743462
-0.0963126
-0.388835
0.0863698
-0.683475
0.170034
0.145438
-0.0161599
-0.400262
-0.694671
-0.132705
-0.0554836
-0.0433298
-0.485351
-0.421291
0.756485
-0.311014
0.408184
0.512374
-0.0232282
-0.124582
0.0097249
0.23871
0.0758313
0.369154
0.237091
-0.128306
0.208933
-0.428288
-0.130811
0.754624
-0.323869
-0.100252
-0.655564
-0.114128
-0.352591
-0.183708
0.368919
0.422047
-0.0526878
0.00420253
0.061404
-0.123246
-0.0921188
-0.148534
-0.317213
-0.388146
-0.00581611
-0.398421
-0.310365
-0.211355
0.767857
-0.214493
-0.0976954
-0.527277
-0.0734976
0.49755
0.104627
-0.0118571
0.0443394
-0.000447462
0.683258
0.0555715
1.19817
0.579841
0.0593522
-0.245997
-0.316837
-0.161202
-0.440075
-0.171341
-0.1872
0.220593
-0.331219
-0.118045
0.0239799
-0.436364
-0.128828
0.0498349
-0.143296
0.148107
0.198492
0.582344
-0.126553
-0.00608539
0.685714
0.110716
-0.0381379
0.395085
0.710237
1.07982
0.0239629
-0.533093
-0.260826
0.0589586
-0.899328
-0.152681
-0.500217
-0.357302
0.248063
0.0891673
0.284037
-0.269279
-0.364073
0.413981
0.622358
0.845797
0.130056
-0.222314
-0.506133
-0.597091
-0.283533
-0.181311
-0.825561
-0.107341
-0.0658607
0.504246
-0.191052
0.145129
-0.151542
-0.122802
0.0375782
0.694387
0.79875
0.108792
-0.128596
0.0241364
-0.383665
-0.122602
-0.0508344
0.397288
1.37363
0.0667772
-0.205619
-0.285354
-0.0143007
0.329508
0.444004
0.45509
1.35504
1.19179
0.319157
-0.172196
-0.453478
-0.497734
0.276882
0.367674
0.0494748
-0.398549
-0.099961
-0.0870106
0.515227
0.303413
0.426017
0.768039
-0.554945
-0.43158
0.0520213
0.637532
-0.199267
1.39123
0.419721
0.0776057
0.138535
-0.0513259
0.303576
0.0481273
-0.0304271
0.0975896
0.377819
-0.0312156
-0.29989
-0.236711
0.282453
-0.0790505
0.0344752
0.106891
0.0838507
-0.0674175
0.160726
-0.070171
-0.0816809
-0.498592
-0.513184
0.0700737
0.171309
-0.0262813
-0.283335
-0.0932646
0.0970945
-0.299782
0.0452077
-0.0328351
0.211376
0.520474
-0.0166271
-0.00620999
0.226701
0.308704
0.68804
0.0668944
0.0840586
0.25247
0.374353
0.54274
0.606746
-0.000837597
0.246513
0.170042
-0.668353
-0.483962
0.184363
0.365043
0.0707275
0.178754
-0.31552
-0.127788
-0.124537
0.425357
0.0919396
0.115395
-0.31332
-0.407991
0.0329907
-0.225656
0.174588
0.198469
-0.103853
-0.120861
-0.328726
-0.377868
-0.350781
-0.256525
-0.0722797
-0.150727
0.0211737
-0.603715
-0.588201
-0.291438
0.0530897
0.236466
-0.163463
0.268134
-0.172557
0.114679
0.253529
-0.499946
0.556337
-0.341176
-0.167957
0.174053
-0.0225613
0.116545
1.4398
0.955524
0.255312
0.347186
0.0279138
0.0508607
-0.117823
-0.0666773
0.180993
0.0728023
0.0150584
0.047298
0.00942732
-0.0649066
-0.410232
-0.405016
-0.0922996
0.0270337
0.175098
0.304858
0.083575
-0.00100671
0.564524
-0.238799
-0.111455
-0.184112
-0.39559
-0.263752
0.667401
0.12605
0.180403
-0.345478
0.061485
-0.252966
-0.140803
0.805312
-0.0108816
-0.0778459
-0.131203
-0.156364
0.164088
-0.209169
-0.439022
-0.193425
0.203727
0.292767
0.383527
0.663525
-0.0680945
0.0552696
-0.288819
-0.26003
-0.198032
-0.0973771
-0.684779
1.08582
-0.34178
-0.0789727
-0.2273
-0.546672
0.256864
0.0273202
-0.330026
-0.288884
-0.420056
-0.465115
-0.18094
-0.0135556
-0.349255
0.0616454
-0.0146802
-0.20694
0.176405
-0.0122655
-0.420516
-0.352838
0.229706
0.0253262
0.117573
0.381882
-0.203802
-0.324163
-0.141679
-0.198557
0.110589
0.05651
-0.14583
-0.373302
-0.241234
-0.181367
0.00635896
-0.144279
-0.239322
0.185562
0.304858
-0.210967
-0.274797
0.251814
0.385908
0.0632804
-0.195302
0.180282
0.0200391
0.191448
0.0985893
0.0356012
-0.199127
-0.294464
-0.502624
0.262987
0.48011
0.0265401
0.00118871
1.51604
-0.741787
0.319671
-0.198652
-0.646388
0.110866
-0.00666866
-0.0808197
-0.0543222
-0.288416
0.186607
-0.363186
-0.0186357
0.0853211
-0.0972281
-0.201202
-0.166621
0.240435
-0.121685
0.0677723
-0.281448
-0.035612
-0.108613
-0.588273
0.288164
0.330031
-0.346871
-0.357272
-0.467477
-0.595783
-0.25377
-0.00390072
0.0396033
1.09314
0.410774
0.294997
0.166469
0.718894
0.12713
-0.489062
-0.0582267
0.565235
0.452947
0.656928
0.171471
0.26151
-0.0980393
0.179157
0.27502
0.325018
0.496936
0.0990592
-0.267305
-0.129545
0.00544976
-0.408905
-0.648935
-0.156072
-0.0982878
0.340865
0.57342
0.079268
-0.0117947
-0.00385003
-0.146012
-0.148966
0.253977
0.259622
0.0531423
-0.0869667
0.170198
-0.0136043
0.315677
0.0160596
0.587091
0.601667
0.0581295
0.234057
0.475273
-0.173263
-0.745998
-0.590314
-0.18103
0.166682
0.127235
-0.310411
-0.106108
-0.442173
-0.770996
0.395067
-0.0964173
-0.171493
-0.101859
-0.531248
-0.191932
-0.143996
-0.151987
-0.669408
0.081935
-0.0156286
0.00567798
-0.592586
-0.186616
-0.293831
-0.353017
0.0497915
-0.603306
-0.562566
-0.44602
0.535849
-0.416166
0.388124
-0.251915
-0.596164
0.0268033
-0.102134
0.145176
0.832491
1.59412
0.139624
0.283172
0.420309
-0.0607196
-0.105969
-0.176389
-0.22837
-0.00689268
-0.303428
-0.0251661
-0.250854
-0.177036
-0.46101
0.458559
-0.189839
-0.182153
0.127619
-0.719103
-0.247336
-0.251149
-0.352089
0.396218
-0.154476
0.4692
0.152833
-0.909451
-0.0460465
-0.226981
0.267798
-0.145039
-0.0285402
-0.114032
-0.0309887
0.0337251
-0.261877
-0.0509933
0.0495612
-0.114398
-0.267838
-0.121321
-0.21877
-0.22299
-0.0487801
0.648672
0.148492
-0.000836041
0.164808
-0.0791059
0.0805996
-0.0316353
0.228097
-0.640126
0.609863
0.0579157
-0.0601389
-0.17769
-0.123241
-0.102719
0.666517
0.548822
-0.194261
-0.498612
0.08796
-0.163803
0.268961
0.642219
1.20832
0.48007
-0.381458
-0.629957
-0.1654
0.0891188
0.105091
0.306228
-0.300081
-0.264505
-0.266802
0.0468901
0.158896
-0.119946
0.261713
-0.00399834
1.21519
0.458087
0.122695
-0.409332
-0.0205967
0.0364438
-0.170045
-0.0570766
-0.302751
0.00148394
0.12881
0.229777
-0.183271
0.0068897
0.307429
-0.604448
-0.62532
-0.0654462
-0.0085372
0.150323
0.0520168
0.0866537
0.0528444
1.17565
0.345073
0.0318436
-0.285513
-0.0565999
-0.286778
-0.0536417
-0.13797
-0.108427
-0.175962
0.401734
-0.10759
0.150207
-0.861487
0.0927133
-0.118046
-0.463906
-0.296541
0.560921
-0.364168
-0.201405
0.621755
0.739111
0.562592
0.00664218
-0.231636
-0.1874
0.0141628
-0.253762
-0.158959
-0.0396557
-0.474065
-0.0918825
-0.0236058
0.168137
-0.118617
-0.545943
0.324438
0.317003
-0.0343906
-0.360763
-0.187106
0.251725
-0.223659
0.274036
1.58555
0.453309
0.0156135
0.381667
0.172978
-0.301664
-0.138955
-0.00387424
0.4929
0.589328
-0.140993
0.217016
0.520987
1.19628
0.199241
0.105638
-0.0908962
0.274567
0.453993
0.0365902
0.504297
0.331676
-0.283909
-0.0278994
-0.0752534
-0.0484616
-0.52063
0.384806
-0.0310788
-0.0839322
-0.135576
0.0623389
0.12527
-0.262782
-0.0326036
0.876013
-0.487059
-0.130409
-0.114981
0.287917
0.33692
-0.277962
-0.211703
-0.462524
0.448863
-0.0803815
0.294469
0.457627
0.301906
0.0835039
-0.167208
-0.469623
-0.321405
0.025887
-0.0250178
-0.0572299
0.00537342
-0.048607
0.692472
0.316741
0.959021
-0.58899
0.206977
0.679995
-0.280528
-0.390789
-0.0107723
-0.144696
-0.0302545
0.464584
0.0717747
0.561755
0.189266
1.33593
0.0269671
0.0331078
-0.0340615
-0.0919477
0.37542
0.141535
-0.581107
-0.404656
-0.229959
-0.138262
-0.00844972
0.233632
0.098746
0.00851351
-0.265644
-0.635085
-0.562079
-0.641164
-0.640556
-0.259609
-0.0305468
0.533159
0.154896
1.04085
0.031099
-0.127343
0.0120988
0.0259802
-0.302292
-0.26539
-0.0896288
0.0317645
-0.159629
-0.363852
0.365811
0.435608
0.247539
-0.504958
-0.0533104
0.0897655
-0.171057
-0.0262418
0.465709
-0.484041
-0.00294017
0.0322697
0.582392
-0.128698
-0.251517
-0.347404
0.172129
1.34572
0.198631
0.0862133
-0.0324571
-0.140506
-0.405094
-0.152755
1.11437
0.471052
0.671459
0.208361
0.198853
-0.266142
1.6317
-0.146434
0.128406
-0.0241487
0.158364
-0.193519
0.630611
0.429154
0.0952054
0.0231482
0.0286258
-0.154711
0.172566
-0.0471625
0.0578962
0.0126327
0.0337252
-0.600836
0.0427488
-0.273058
-0.444313
-0.423527
-0.445974
0.675652
0.589331
-0.0548442
-0.286348
-0.42756
0.0852537
0.296472
0.203272
0.475838
-0.0837627
-0.277578
-0.179059
0.271747
-0.148006
-0.0388052
-0.626611
-0.34991
-0.0716697
0.227194
0.685246
1.03685
-1.04267
-0.595405
0.526205
-0.254344
-0.272326
0.556815
-0.100781
-0.429082
0.0420505
-0.113124
-0.563953
-0.700811
0.0859795
-0.690729
1.34111
0.417126
0.0627309
0.0842085
0.198144
-0.0211757
-0.131128
0.421764
0.162552
0.050555
0.443407
-0.19296
-0.216065
0.287246
0.0289593
-0.104779
-0.190326
0.244498
-0.221481
-0.218933
-0.0189327
0.0749469
0.0829653
-0.127634
-0.0575323
0.6347
0.839842
-0.0311431
-0.27458
-0.485782
-0.278508
-0.959895
0.0798105
0.0369348
-0.415174
-0.285621
0.298426
0.793253
1.25668
0.308039
-0.00107077
0.304098
0.79313
-0.249871
0.0943907
-0.497373
-0.145475
0.0900232
-0.482006
0.168971
-0.40165
0.691718
0.996877
0.907421
0.0801514
0.409954
-0.471881
-0.14183
-0.106397
0.270313
0.132975
-0.0738869
0.256628
-0.0193899
0.397601
0.00489535
-0.0122709
0.0446751
-0.146452
-0.675253
-0.37893
-0.0731837
-1.07225
-0.239151
0.0242246
-0.335126
-0.800725
0.121239
-0.12848
-0.094686
-0.041505
0.300258
-0.161547
0.163554
0.11568
-0.113533
0.287856
-0.0641851
0.0962369
0.000514515
-0.18295
-0.0846614
-0.171193
-0.492063
-0.11726
-0.0329657
0.0186632
0.172871
0.0757121
0.110319
0.0051849
-0.0513975
1.25516
-0.0357894
-0.142948
0.489735
-0.0780059
0.377768
1.34406
0.0793979
-0.176698
0.00230214
-0.0297986
0.414737
1.34595
1.04397
0.839114
-0.285591
-0.387664
0.0329124
-0.0361728
0.039269
-0.0210805
0.0798405
-0.0360278
-0.135336
-0.0453542
-0.174175
-0.127212
0.123899
-0.0652567
0.0842162
-0.00517259
0.0444292
0.373078
-0.107118
0.174296
-0.00482752
-0.655497
-0.030561
0.504523
0.237431
-0.935242
-0.0771206
-0.175332
-0.080844
0.031708
-0.229637
-0.219193
-0.109408
0.426853
-0.0727347
0.0472382
0.259814
0.0296676
0.063124
-0.257931
-0.327114
0.0256217
-0.411767
-0.656019
-0.335603
-0.62852
0.0576191
-0.0736373
-0.0472046
-0.082621
-0.010078
-0.33777
-0.0850081
-0.323681
-0.720993
-0.392184
-0.277808
-0.375994
-0.409334
-0.0392638
-0.17555
-0.487056
-0.0235484
-0.0250983
-0.0889951
0.260339
0.163455
-0.0692272
-0.654773
-0.164777
-0.445463
-0.100777
-0.133992
-0.0902684
0.263608
0.7172
0.252486
0.72407
0.648529
-0.223576
0.225581
-0.338604
0.0107329
0.51561
0.623193
1.61197
0.622388
0.303517
0.895046
-0.0394463
-0.122147
0.357469
0.497543
0.149709
1.34862
-0.711373
0.0539165
0.0589123
-0.292011
-0.0863653
-0.353514
-0.344748
0.0263132
-0.187021
0.0314827
-0.157089
-0.48952
-0.473302
0.048878
0.0128005
-0.206245
0.289761
0.0653088
-0.0745217
-0.0783382
0.0809945
0.429083
0.35718
0.400746
-0.213713
-0.00791741
-0.120252
0.229847
0.351094
0.262986
-0.0389497
0.298707
-0.0922763
0.567328
-0.0632771
-0.0992071
0.0648335
-0.219806
-0.072651
0.248166
0.0918814
-0.177908
-0.282958
0.115311
0.220725
-0.303435
0.164603
0.958034
0.104257
-0.0841932
-0.0608337
-0.0787575
0.187167
0.576589
-0.146382
-0.0985908
0.116024
0.13868
0.14388
0.00108621
-0.0272676
0.617099
-0.246953
0.393
-0.21423
0.124458
-0.151433
-0.641514
0.358822
0.501884
0.254653
-0.0700293
-0.0351363
0.527977
0.54183
0.0958473
0.440953
0.906208
0.74566
-0.303089
-0.229873
-0.157981
-0.193934
0.186147
-0.0346653
0.0809335
-0.0904186
0.0240051
-0.103426
-0.490695
-0.428325
0.0886154
0.0817975
-0.324046
-0.242738
-0.219929
0.314787
-0.0477223
-0.136377
-0.149163
0.0578554
0.354951
-0.021171
0.00394989
-0.241825
-0.0751974
-0.0344999
0.00489433
-0.189876
0.201816
0.435108
0.111506
-0.222501
0.0837979
-0.236773
-0.434599
-0.567843
-0.0427833
-0.024565
-0.250867
0.0822113
0.0842815
0.505075
0.159079
0.61848
0.0364311
-0.0310372
-0.13208
-0.387179
-0.241795
-0.158931
-0.148469
-0.236226
-0.169522
-0.68336
-0.194896
0.733049
0.366412
0.137259
-0.426757
0.0110188
0.21476
0.0558779
0.312428
-0.263162
-0.29412
-0.612876
-0.687935
-0.0043443
-0.142635
-0.00830532
0.1577
0.00447927
0.295687
0.436835
-0.377088
0.183742
-0.215243
0.549053
1.33647
-0.235091
-0.31853
-0.211427
-0.11306
-0.0966521
-0.316489
0.00298082
-0.114026
0.00270385
0.346537
0.0486214
0.0326315
0.102922
-0.0139537
0.113888
-0.378017
-0.140393
0.0579235
0.0195412
0.936978
-0.210967
0.383826
-0.584537
0.342809
0.0759693
-0.340876
-0.0316931
0.227321
-0.503982
0.153063
0.125758
-0.0596251
-0.280498
-0.0964356
-0.0324168
-0.506481
-0.34206
-0.222645
0.168244
-0.27791
0.113942
-0.135091
0.269052
0.116905
-0.244355
0.404411
0.650818
-0.134095
0.0632557
0.080853
0.184349
0.234218
0.0697668
0.361285
0.241306
0.00682482
-0.135445
-0.0232442
0.0071302
0.231578
0.0227331
-0.0863785
0.0290439
-0.0417599
-0.00699063
0.00465699
-1.18778
0.0813825
0.0366743
1.245
1.37321
0.726035
-0.155364
-0.336336
-0.00162464
-0.316965
-0.127694
-0.141298
-0.390604
0.249306
0.0635905
-0.392174
-0.270758
-0.0618298
-0.135294
-0.0632905
0.24232
-0.150186
-0.102952
0.199805
-0.0688494
-0.107818
-0.200438
0.0286335
-0.618915
0.252107
0.414156
-0.119117
0.694264
0.176177
0.335036
-0.0703504
0.145397
0.635559
-0.333405
0.241417
-0.100528
-0.170697
-0.275996
-0.0496212
-0.194639
0.091458
1.07236
-0.0727625
0.585055
-0.276798
-0.343062
-0.0861284
0.00766864
0.230811
-0.103309
-0.00355697
-0.0702385
-0.198305
-0.428578
-0.0915171
0.0703149
-0.0342053
-0.593115
-0.142828
-0.148725
-0.0676936
0.956371
0.857967
-0.146531
-0.152889
-0.40203
-0.52474
0.109593
-0.060462
-0.381346
0.368603
0.143071
0.129471
-0.181374
0.0607482
-0.423936
0.0761745
0.107182
-0.089331
-0.198204
0.413263
-0.132378
0.219645
-0.035434
0.0243516
-0.035686
0.16948
-0.0776482
0.0588682
-0.0618465
-0.306903
-0.131489
-0.0329689
-0.0252686
-0.0260008
0.444823
-0.017371
0.270792
0.229235
0.303585
-0.03263
-0.148466
-0.291878
-0.0193463
-0.285931
-0.133168
0.261558
-0.135773
-0.407878
-0.0671601
-0.0327086
-0.0344634
-0.166899
0.380484
0.265948
0.340737
-0.0571783
0.0626298
0.119774
-0.0996702
-0.13125
-0.105417
-0.0428319
0.0618686
0.0316717
0.0885708
