0.187537
0.364429
0.13202
0.159638
0.211033
0.180312
0.189447
0.20498
0.112674
0.0312613
0.0763582
-0.0263113
0.0841018
0.0737054
0.103546
0.128921
0.185772
0.240103
0.299259
0.148916
0.22642
0.128391
0.165871
0.149289
0.123722
0.195616
0.122685
0.0619592
0.111827
0.0742939
-0.0393538
0.0613661
0.0358723
0.117315
-0.0374185
0.0455886
0.0709732
0.075364
0.198849
0.183715
0.206742
0.165353
0.132535
0.163819
0.208962
0.173368
0.198723
0.138179
0.170871
0.119126
0.0722307
0.0431871
0.0981108
0.106034
0.0676822
0.058844
0.103587
0.0995874
0.084168
0.0813489
0.0170444
0.0494248
0.17827
0.132118
0.143256
0.156525
0.266779
0.0199753
0.104734
0.0606525
0.202906
-0.0264399
0.0659058
0.042093
0.143334
0.149566
0.129866
0.153644
0.205628
0.127956
0.186002
0.204704
0.103117
0.148777
0.125368
0.148144
0.0992367
0.0302085
0.109898
0.0611357
0.0839589
0.0547584
-0.00430589
0.12135
0.187475
0.0665507
0.0263736
0.0658763
0.276799
0.167373
0.283334
0.152003
0.199616
0.227322
0.253199
0.181531
0.207387
0.231522
0.209745
0.115973
0.124618
0.122989
0.0284572
0.056481
0.102881
0.0299966
0.110688
0.121765
0.134596
0.0971774
0.0823962
0.0931449
0.270899
0.174369
0.128859
0.148587
0.115177
0.206332
0.225611
0.168588
0.168285
0.158905
0.211938
0.18986
0.118247
0.175644
0.0442698
0.163661
0.0848573
0.065245
0.113089
0.0447345
0.121346
0.150122
0.0682514
0.13469
0.210415
0.143311
0.266569
0.195682
0.152122
0.10123
0.205432
0.149989
0.153483
0.150978
0.201768
0.203715
0.0749176
0.0798523
0.0487767
0.103802
0.0380774
0.0957765
0.0604931
0.144693
0.116058
0.0654552
0.0761749
0.0617317
0.1799
0.260973
0.115364
0.149853
0.209645
0.173036
0.151686
0.113236
0.130055
0.300747
0.185906
0.163108
0.105509
0.0450668
0.0890522
0.0884329
0.0427027
0.116357
0.152622
0.0661693
0.0444142
0.0829057
0.00741398
0.0264879
0.0765726
0.073252
-0.000593297
0.209077
0.0963811
0.179948
0.0891287
0.163525
0.213093
0.19004
0.141195
0.215156
0.185288
0.196911
0.160636
0.125527
0.107758
0.0924494
0.0611572
0.078088
0.0940629
0.150619
0.152511
0.0503969
0.0122871
0.146149
0.269936
0.212732
0.113244
0.137627
0.00178252
0.143453
0.23888
0.146361
-0.0155611
0.102064
0.0123782
0.147484
0.167278
0.160426
0.0275572
0.0901515
0.121641
0.0107575
0.119689
0.0411068
0.0834218
0.077454
0.13527
0.13181
0.144719
0.094038
0.154289
0.196842
0.0490841
0.265523
0.156262
0.130763
0.167733
0.156076
0.0261748
0.103097
0.136137
0.099805
0.126565
0.10881
0.113423
0.0833166
0.0889801
0.206433
-0.0976518
0.0872107
0.141646
0.159401
0.042687
0.171289
0.033538
0.044518
0.061937
0.134685
-0.030304
0.174975
0.204234
0.201202
0.130626
0.0555338
0.133996
0.120575
0.0901153
0.107499
0.0443921
0.108273
0.101805
0.173589
0.0155119
0.138157
0.0760019
0.120259
0.0351297
0.178649
0.125073
0.186673
0.18971
0.104214
0.0870872
0.179188
0.129075
0.167633
0.107482
0.0649129
0.0999565
0.106913
0.123581
0.0802124
0.160433
0.0915585
0.171815
0.0606994
0.0170058
0.0637107
0.130537
0.201858
0.0480137
0.100412
0.106746
0.156849
0.0286855
0.172229
0.111036
0.113041
0.0921327
0.0959864
0.0233146
0.161671
0.116989
0.100559
0.0166789
0.0677641
0.114668
0.0877712
0.0491842
0.129213
0.0965905
0.0874705
0.190455
0.244642
0.306845
0.138677
0.118303
0.2139
0.116245
0.11954
0.0327193
0.190165
0.0596799
0.157878
0.0525362
0.0465583
0.0811999
0.0891788
0.0588034
0.0757978
0.072783
-0.000558694
0.021365
0.0508206
-0.039799
0.123276
0.102195
0.127798
0.0539914
0.141818
0.109197
0.12369
0.109565
0.181466
0.0573489
0.204702
0.096776
0.0777867
0.0128565
0.105635
0.0936111
0.0531485
0.0301701
0.0854549
0.0429109
0.0186171
0.0743354
0.00785314
-0.0292126
0.161145
0.109173
0.104031
-0.00997182
0.159787
-0.0302545
0.149943
0.080542
0.455694
0.116183
0.136245
0.197453
0.139815
0.0887379
-0.0267481
0.0733925
0.0183198
0.0537818
0.0302487
0.067504
0.038093
-0.0171322
0.152853
0.140658
0.120214
0.234715
0.0428748
0.109454
0.124129
-0.0005031
0.148489
0.0933787
0.0669923
-0.0181604
0.106416
-0.0108879
0.145071
0.0325813
0.118831
0.0854274
0.0391126
0.0239366
0.101421
0.0965068
0.0116758
0.0666834
0.043105
0.00784516
0.0652761
0.13263
0.0920221
0.0672771
0.0874334
0.165707
0.187513
-0.0682122
0.20864
0.155787
0.142668
0.101393
0.147786
0.0474949
0.0874216
0.074299
0.0640801
0.103385
0.0581358
0.0604208
0.0434546
-0.040464
0.0865408
-0.0069734
0.14777
0.324912
0.0992286
0.0939917
0.172104
0.107734
0.156403
0.199268
0.055116
0.102666
0.139935
0.0606725
0.0789394
-0.0154221
0.0192951
0.0159821
0.0422573
0.0496438
0.0754714
0.0596193
0.0564836
0.00529968
0.0760191
0.00274536
0.0342891
0.100465
0.138541
0.165095
0.143123
0.104346
0.17722
0.118854
0.124782
0.15864
0.133594
0.155406
0.161156
0.011578
0.0270994
0.0726124
0.0125055
0.10262
0.0980155
0.0728752
0.0286929
0.136143
0.0713944
0.002176
0.0686784
0.172086
0.176548
0.120312
0.165852
0.145431
0.160443
0.204691
0.209902
0.0961185
0.130615
0.213063
0.265488
-0.0406057
0.026496
0.0701099
0.0864034
0.0600875
0.093537
0.121889
0.0843122
0.0248997
0.0382997
0.0978154
0.0743206
0.0397435
0.0623717
0.196907
0.204315
0.172276
0.0557291
0.115865
0.153227
0.177065
0.146339
0.0750036
0.115414
0.00271228
0.0279396
0.0536427
0.0949219
-0.0537247
0.120961
0.0754706
-0.0159169
0.10993
0.0570191
0.0859192
0.0679552
0.096096
0.0886035
0.215773
0.141174
0.193423
0.137057
0.183313
0.140594
0.215091
0.197094
0.153619
0.0123213
-0.0122005
0.00555466
0.0770192
0.039768
0.0239119
0.0728745
0.0565382
0.0500779
0.137902
-0.0122572
0.12026
-0.00436883
0.208051
0.130566
0.204216
0.133225
0.189021
0.208039
0.143841
0.173626
0.136715
0.109379
0.193518
0.0984411
-0.00424417
0.0414348
0.096276
0.00769138
-0.0133424
0.116672
0.00791242
0.0549136
0.12219
-0.0876194
0.00727995
-0.0312348
0.152889
0.158032
0.156397
0.153015
0.231497
0.222441
0.0824797
0.156481
0.171672
0.123017
0.192738
0.0759747
0.022898
0.12734
0.0369764
0.176402
0.0919643
0.00991162
0.0967356
0.097966
0.0246025
0.0908867
0.12709
0.136685
0.217554
0.0916136
0.109348
0.208482
0.0927157
0.118174
0.0863171
0.14006
0.119586
0.115194
0.13853
0.19469
0.129506
0.0642907
-0.0363971
0.0264781
0.0299904
0.0565181
0.076259
0.0364987
0.109218
0.0355522
0.159734
0.052209
0.184773
0.0981631
0.156907
0.108329
0.145112
0.189799
0.0843457
0.0936614
0.119071
0.111036
0.0802524
0.207821
0.0864846
0.0513388
0.0268676
0.0204171
-0.00464237
0.177583
0.0535302
0.0629319
0.0398902
0.112985
0.126271
0.0833797
0.0892847
0.107033
0.144597
0.28309
0.132399
0.0964454
0.145947
0.0789139
0.159685
0.120236
0.140602
0.210688
0.0717998
0.049371
0.0554865
0.0125808
0.068034
-0.00909803
-0.0134254
0.0834891
-0.010207
0.0384882
0.0375661
0.0556182
0.112937
0.229614
0.0493582
0.0858374
0.144825
0.157017
0.16704
0.0899609
0.14007
0.110676
0.163245
0.11989
0.0328821
0.0704682
0.0694933
0.0495486
0.00539152
0.0838878
0.194109
0.0200286
0.0272801
0.0421021
0.093478
-0.00997934
0.0348586
0.14672
0.142131
0.138876
0.0791897
0.0904872
-0.122885
0.070133
0.108279
0.0440102
0.156541
0.112826
0.0881435
-0.00712758
-0.0221871
0.100417
0.0203595
0.0104298
0.0381106
-0.0241138
0.112095
-0.0131695
0.137454
-0.061652
0.125043
0.0831327
0.156194
0.192566
0.114865
0.168211
0.0907863
0.202461
0.151253
0.101156
0.142265
0.116687
0.233093
0.040905
0.0369287
0.0510821
0.0599883
0.0415916
0.0610397
0.105475
0.0702355
0.14189
0.0855567
0.102972
0.102098
0.0660928
0.108496
0.0671056
0.242579
0.102938
0.141641
0.0971134
0.159111
0.13489
0.0804997
0.106443
-0.0215893
0.0299909
0.00170409
0.0286952
0.0176415
0.0287106
0.101348
0.0238428
0.0796342
0.0386752
0.0136766
-0.007968
0.173102
0.0880907
0.13151
0.170759
0.0905907
0.154322
0.137822
0.0813827
0.117685
0.00395086
0.105025
0.150229
0.0585712
-0.00215777
0.0250847
0.0392429
0.0792508
0.0219177
0.0963455
0.0122261
0.0868405
0.0848039
0.115894
-0.0104102
0.109166
0.181727
0.0502907
0.101814
0.153215
0.162607
0.0241314
0.1106
0.181144
0.164502
0.108621
0.143562
0.0561633
-0.0209054
0.00425965
0.0434069
0.0328212
0.0304544
0.0495124
0.00395933
0.0732073
0.0327482
0.103289
0.0875386
0.175505
0.0934092
0.142806
0.0519122
0.119427
0.14846
0.0682232
0.059523
0.0988666
0.102684
0.14098
0.0759562
-0.00714952
0.0280071
-0.0234757
0.00679501
-0.0365607
0.0231097
0.046541
0.0469163
-0.0873666
-0.018346
-0.00175512
-0.0340724
0.110659
0.141481
0.214389
0.126772
0.205655
0.0927258
0.097393
0.130098
0.155405
0.148853
0.127306
0.0663749
0.0489266
0.15538
0.130529
0.134239
0.031017
0.0303509
0.0188091
0.0325987
-0.0257061
0.026181
0.102788
0.0204149
0.0444398
0.161241
0.200089
0.142943
0.0833492
0.146782
0.17583
0.112589
0.0756141
0.098021
0.119425
0.0498763
-0.0265817
0.0598714
0.0699693
0.0846931
-0.00643517
0.0483241
0.0341713
0.0207959
0.0728096
-0.0929153
0.0995925
-0.0442248
0.14967
0.17837
0.226873
0.16491
0.15433
0.0626239
0.163895
0.0787942
0.16459
0.105967
0.176527
0.150093
0.144414
0.0671018
0.121579
0.0960806
0.0624198
-0.00478546
0.135916
0.106928
0.0542692
0.120946
0.152404
0.01081
0.272638
0.152104
0.155311
0.181147
0.165921
0.0972558
0.142484
0.093366
0.0898877
0.108734
0.171983
0.0487297
0.0160584
0.0187934
0.0215184
-0.0176415
-0.0195264
-0.00108253
0.00123482
-0.0217958
0.0488336
0.0798317
-0.0883148
0.0378228
0.171873
0.0428795
0.128935
0.116573
0.1272
0.119522
0.136717
0.117407
0.132842
0.0429509
0.110623
0.135812
0.0336146
0.0565399
0.0326531
0.0848714
0.0786416
-0.0898444
0.0707801
0.0385896
0.0138259
-0.0180087
0.0281722
0.00256841
0.150199
0.0864708
0.107595
0.134594
0.124853
0.0954919
0.133573
0.148947
0.154985
0.130347
0.140508
0.222539
0.0214043
0.0287705
0.0027218
0.019735
-0.108061
0.0357811
0.113485
0.046211
0.0627295
-0.0210582
0.0112202
0.0287228
0.0843307
0.143856
0.0407272
0.0290581
0.115235
0.186734
0.0550527
0.212242
0.157887
0.136408
0.158009
0.178138
-0.0665547
0.0420959
0.0930892
0.0922259
0.0700725
0.0815968
0.101112
0.0668628
-0.0328961
-0.011927
0.0809175
0.0321262
0.101037
0.0701107
0.123629
0.0918687
0.0613215
0.159955
0.0498846
0.140213
0.167021
0.0839943
0.131259
0.139573
0.0480553
0.00450438
-0.000324291
0.00776421
-0.00920669
0.018838
0.0487338
-0.00552274
0.0180653
-0.00477279
0.11225
-0.0908091
0.151762
0.150032
0.199133
0.0721311
0.120756
0.145908
0.114666
-0.0449511
0.192073
0.0261827
0.0368056
0.127705
0.00163338
-0.0846048
0.0564085
-0.0136883
0.0238999
0.0258461
-0.00477334
0.0146084
0.154049
-0.0601399
0.10648
0.0083296
0.140958
0.0639256
0.188195
0.16292
0.128283
0.102967
0.167269
0.084398
0.122173
0.18383
0.127864
0.124121
0.0479001
-0.0572655
-0.00251763
-0.0125742
0.0764863
-0.00496763
0.0108808
-0.0160401
0.0212139
0.0659244
0.0905367
0.0221989
0.0127039
0.0686889
0.115673
0.120058
0.0643672
0.0741023
0.148278
0.123322
0.183636
0.144898
0.147109
0.170924
-0.000879537
0.0300918
0.0576048
0.0963783
0.0461794
-0.0503006
0.00628135
0.114799
0.133071
0.0359545
0.0455979
0.0144637
0.125865
0.121584
0.114037
0.135492
0.0583277
0.114666
0.112491
0.225311
0.0622157
0.0561207
0.176241
0.121993
0.0106514
-0.0119041
0.0466686
0.0334624
-0.0194465
0.00883277
0.0350565
-0.153735
0.0440442
0.0396992
0.0208735
0.036481
0.159087
0.0846253
0.0713033
0.102312
0.117651
0.0852566
0.0982749
0.0904012
0.110716
0.198945
0.153986
0.0646016
0.0684472
0.0338913
0.0106346
0.0185323
0.0490218
0.0370198
-0.00314817
0.0357468
0.0668545
0.12967
0.0634456
0.00265857
0.177104
0.100558
0.0779887
0.133968
0.123804
0.0185905
0.0286491
0.136883
0.110316
0.0729362
0.0638643
0.0943539
0.0879249
0.0275696
0.0496641
-0.0235041
0.101957
0.0944254
0.0804264
-0.0456093
0.0170824
0.0777743
0.0801806
0.0836732
0.228441
0.112308
0.111524
0.129948
0.197264
0.0769552
0.131282
0.268239
-0.0257801
0.124546
0.162158
0.0513559
-0.0896783
0.0448305
0.142791
0.0424185
0.140682
-0.0102093
0.134198
-0.0184883
0.0855737
0.000279168
0.0722356
0.0526866
0.0888071
-0.0175664
0.0105528
0.088211
0.129224
0.00569464
0.0536061
0.0845059
0.183117
0.0867418
0.140437
0.0929383
0.108428
-0.0855641
0.0261924
-0.0422232
-0.00323339
-0.118812
0.0401835
0.00757753
0.114141
-0.00523502
0.0675434
-0.0417999
0.0815732
0.0773489
0.0181968
0.183305
0.128374
0.105677
0.143242
0.0408324
0.0807985
0.0845636
0.182652
0.113153
-0.00070104
0.00716014
0.00807421
-0.0573228
0.0123129
0.0182075
0.00207435
0.00022577
0.0152738
0.0505684
0.0333543
-0.00741845
0.0600193
0.0396065
0.120036
0.0717148
0.13439
0.108928
0.154926
0.148947
0.168759
0.132721
0.157984
0.10913
0.0236023
-0.0223433
-0.00469046
-0.00815257
0.0780413
0.0743008
-0.0339852
0.0147369
-0.0353469
0.0595051
0.0222822
-0.0352718
0.0559318
0.0507985
0.137109
0.143443
0.119691
0.0552668
0.144613
0.0901401
0.0832289
0.0361339
0.0458772
0.0453688
-0.011208
0.00674419
0.0171895
-0.0285724
0.0559462
-0.0303216
0.0637482
-0.0110117
0.0393427
0.0335751
0.116907
0.0199289
0.0845348
0.0767031
0.0187916
0.139019
0.089867
0.0977356
0.15079
0.106141
0.0540334
0.0796632
0.159322
0.0722771
0.023253
0.0445391
0.0738668
0.179403
0.064051
0.0213569
0.0379069
0.00092542
0.112132
-0.0106178
-0.0439372
0.0210908
0.112953
0.0728264
0.152394
0.0783913
0.116501
0.122961
0.0426133
0.159415
0.10945
0.129533
0.0714016
0.0511936
-0.0744186
0.103443
0.0939468
0.0201221
-0.0424079
0.0311725
0.0950807
0.0531092
-0.0461123
-0.0286099
0.0687126
0.0318598
0.156623
0.062368
0.189682
0.130746
0.253699
0.130667
0.127531
0.16885
0.110109
0.0950249
0.134532
0.0862755
0.0444142
0.0929517
0.0842588
0.0670618
0.0986248
0.0397589
0.0498626
0.00532939
0.0182905
-0.0215854
0.0508206
-0.0308493
0.107946
0.101161
0.131956
0.133854
0.155021
0.106094
0.0997669
0.054045
0.0706967
0.0486764
0.117671
0.0885944
0.0874418
-0.0220642
0.117439
0.121732
0.115983
0.00791024
0.0193176
0.0413136
-0.00444469
0.0277724
0.0241759
-0.0433095
-0.0033482
0.0671096
0.0777393
0.162033
0.133682
0.153248
0.187415
0.0687002
0.176641
0.0974003
0.121169
0.0930195
-0.0425681
0.0153108
0.0753449
0.0444228
0.0762958
0.0168176
-0.040342
0.00920608
0.0781656
0.0290149
-0.0180211
0.00756385
0.116666
0.0613995
0.184278
0.0924091
0.204754
0.0854075
0.152017
0.0964564
0.12526
0.0695529
0.161437
0.0997216
0.0709307
0.130111
0.0444198
0.0180861
0.0471081
0.0461409
0.0101401
0.0455399
0.0214696
0.110903
0.00213278
0.0341128
0.171389
0.168987
0.103481
0.146451
0.11817
0.0992568
0.166075
0.10147
0.16337
0.140417
0.119276
0.078054
0.115671
0.044331
-0.0267801
0.0414799
0.0293745
0.0372781
-0.0226378
-0.00800362
0.0740781
0.0605583
0.0810001
0.0626855
0.152855
0.160075
0.16444
0.0710273
0.150594
0.143313
0.0159254
0.111586
0.279635
0.0800876
0.164161
0.0132712
0.0901647
-0.0973373
-0.0172045
-0.0255044
0.0409225
0.0607237
0.0209528
-0.000507973
0.0528461
0.015905
0.0179484
0.0136484
-0.0139032
0.0376546
0.0806564
0.0333073
0.118397
0.101282
0.0461802
0.104291
0.116272
0.113465
0.104408
0.0229154
0.0692642
0.0387541
-0.0189476
0.0359441
0.0192562
-0.00986437
0.0470121
0.0607784
0.0789844
-0.0180429
0.0110684
-0.00924427
0.121439
0.124752
0.148397
-0.00960915
0.199569
0.109355
0.137531
0.0719984
0.172328
-0.0360544
0.14583
0.0615866
0.086883
0.000881557
0.0617447
0.0125439
0.0177882
0.0557636
-0.00638985
0.0157217
0.0740393
0.0194995
0.0761951
-0.0176145
0.159695
0.0717202
0.126552
0.0965392
0.0571102
0.119918
0.178124
0.0590916
0.0934035
-0.00727701
0.150522
-0.0368524
0.197355
0.127986
0.0168317
-0.0372211
0.0719244
-0.0435306
0.0305158
0.0286409
0.032532
-0.0147682
0.0513201
0.049068
0.0932836
0.0920292
0.11678
0.153255
0.120096
0.0774748
0.204258
0.0472029
0.170526
0.0301467
0.145043
0.0793601
0.0925259
0.00706694
0.046444
0.0896338
0.0683172
0.075862
-0.0135636
0.0644547
0.0289455
0.0953717
-0.0353433
0.053628
0.1637
0.0387318
0.112262
0.0865351
0.147991
0.162114
0.122636
0.111194
0.200071
0.0918146
0.130537
0.131094
-0.0824279
0.0144995
0.0990978
0.0453574
-0.0375525
0.0211586
-0.0059076
0.0707962
0.0765268
0.080053
0.0551785
0.12143
0.120324
0.0758235
0.221081
0.186949
0.19845
0.205912
0.14496
0.229061
0.166768
0.21327
0.121148
0.162914
0.0836431
0.0292466
0.0454547
0.0743952
0.0987216
0.023991
0.126873
0.0625322
0.00841242
-0.00856714
-0.00333299
0.105581
0.202243
0.151955
0.087568
0.0905576
0.182028
0.13093
0.191341
0.0964608
0.150277
0.208163
0.115372
0.120763
0.0222461
0.0615668
-0.0288596
0.155879
0.103327
0.0758037
0.0826848
0.0618325
0.0627844
0.0306428
0.103066
0.0432269
0.163949
0.221489
0.107984
0.104552
0.178984
0.0634481
0.14816
0.160135
0.256879
0.159268
0.237735
0.100415
0.0499205
0.0378757
-0.0168208
0.0815775
0.0909515
0.121855
0.0663573
0.0128446
0.0473166
-0.0478155
0.0548441
0.0475077
0.0950224
0.129234
0.118472
0.170692
0.163379
0.107326
0.142854
0.101386
0.13695
0.113386
0.107016
0.117865
0.0721983
0.0634979
0.151419
0.148769
0.109982
0.0182282
-0.00194154
-0.0267868
0.0168665
-0.035086
0.150417
0.0200732
0.109246
0.159431
0.137421
0.107552
0.0554365
0.103181
0.188709
0.091677
0.0750648
0.16201
0.186043
0.104601
0.117907
0.0206891
0.0442983
0.038059
0.10287
-0.0620762
0.0389108
-0.0213119
0.224234
-0.0163477
0.0687023
-0.0418583
0.0757856
0.0538203
0.0874875
0.169116
0.145614
0.11923
0.173793
0.0993015
0.189927
0.141277
0.155671
0.152672
0.034375
0.0652916
-0.0139887
0.0500759
0.0742731
0.0292561
0.0125599
-0.00601404
0.0177012
0.0151264
0.0621976
0.0316818
0.171572
0.118649
0.183007
0.0925344
0.163716
0.0861938
0.232361
0.10141
0.164863
0.155858
0.142905
0.125834
0.10831
0.0488674
0.0451538
0.0764689
0.079355
-0.00401961
0.0822014
0.0938366
0.0131543
0.0454741
0.0232383
3.58247e-05
0.0753433
0.0826892
0.044992
0.162145
0.0545975
-0.0113533
0.170332
0.0800174
0.124388
0.167969
0.153494
0.117757
0.0029692
0.0199931
0.0886687
0.0113204
0.0466527
0.0269323
0.0373595
0.0378452
0.0107783
-0.0274222
0.026495
0.00311865
0.232785
0.0598551
0.0985484
0.0723651
0.139621
0.100054
0.125782
0.0822389
0.0922146
0.0866203
0.0749987
0.0216718
-0.0349073
0.0138768
0.00744951
0.00196356
0.0728008
0.00594607
-0.0235128
0.0328624
0.00306395
0.00249419
0.056048
0.115515
0.204063
0.120388
0.0333101
0.153116
0.215109
0.125481
0.126738
0.153723
0.100771
0.0484269
0.0975081
0.0916883
0.0608872
0.0613097
0.0979539
0.0544567
0.0582945
0.0455014
0.0949747
-0.0210483
0.0642268
0.0177879
0.00832172
0.0229573
0.162093
0.108066
0.11418
0.100671
0.183945
0.117973
0.135575
0.160875
0.151993
0.0795581
0.119834
-0.0345778
0.0711415
-0.0412327
0.107501
-0.0618415
0.0984993
0.0124956
0.0996829
-0.0819881
0.0855669
-0.0138782
0.0223488
0.105377
0.144127
0.0305349
0.0592425
0.121624
0.0798228
-0.0557835
0.182176
0.054958
0.0170071
0.117838
0.0165717
0.00728942
0.0572675
0.0256964
0.0230616
-0.0352078
0.0620831
-0.041289
0.0353029
-0.130559
0.116956
-0.108213
0.118004
-0.00517233
0.0857978
-0.00473225
0.127525
0.0928824
0.00258699
0.064003
0.119418
0.0703708
0.137195
0.0746885
0.0695132
0.0889771
0.126981
-0.0407431
0.00479296
0.00213659
0.070823
-0.0235522
0.0467343
0.0346086
0.0623926
0.0493747
0.0700285
-0.0153584
0.185981
0.0930888
0.0968192
0.149189
0.0687305
0.119433
0.10566
0.0160435
0.0624644
0.0678423
0.201913
0.0939201
-0.00143175
0.0288616
0.063306
0.0847957
0.0403934
0.0124161
0.0356335
0.0390339
-0.0478668
0.00682324
-0.0620019
0.0976096
0.106363
0.00840984
0.0401434
0.151355
0.0876397
0.148039
0.0955127
0.152322
0.111137
0.109038
0.111521
0.0840635
0.042687
-0.0376996
0.0596114
-0.0296042
0.0758376
0.0118644
-0.0560529
0.0134778
0.0315805
0.0403925
0.0983652
0.0711448
0.028335
-0.001982
0.0872406
0.0824843
0.0823706
-0.0376719
0.0828186
0.183488
0.0272185
0.105991
0.117653
0.123479
-0.035624
0.04812
0.0449412
-0.022587
0.0274398
-0.0423505
0.0446035
0.0637651
0.140127
-0.026834
0.0520355
-0.00486843
0.0963042
0.0450157
0.0604599
0.0248328
0.0679774
0.0905355
0.0938292
0.0523639
0.37102
-0.00031051
0.110427
0.0997543
0.0799345
-0.00511918
-0.0123268
0.0487498
-0.0619973
0.00543079
0.0933677
0.0117058
0.138951
0.0390998
0.136099
0.0481139
0.111441
0.161388
0.119866
0.0736097
0.085852
0.098657
0.111944
0.155895
0.170973
0.0227476
0.0918894
0.134701
0.0512855
0.034763
0.0323139
-0.00117318
0.0748481
-0.00516028
0.0946945
0.085132
0.0361933
0.0483019
0.0650016
-0.00135265
-0.00765365
0.00210037
0.129527
0.145324
0.115981
0.0527014
0.0607379
0.10877
0.0763906
0.113106
0.130281
0.071159
0.0100974
0.14727
-0.0125691
-0.0328745
0.0164189
-0.0728976
0.0769396
0.102591
0.105764
0.0807664
0.0348408
-0.0239625
0.0891083
0.0569598
0.0136428
0.030108
0.146375
0.144828
0.0443173
0.0969354
0.0950444
0.0982493
0.137468
0.0977282
0.0349347
-0.0357007
-0.00831455
0.0172802
0.00526853
0.0302466
-0.0139786
0.0166574
0.340057
0.00701763
0.0352351
0.00840648
0.134056
0.00684893
0.167688
0.128721
0.127756
0.241619
0.0821406
0.159766
0.0974919
0.0595866
0.105561
0.0587333
-0.109656
0.112959
0.0045823
0.103065
-0.0522211
-0.0521447
-0.0973377
-0.00294744
0.0183938
0.0894172
-0.0633987
-0.0152386
0.176099
0.0265996
0.157476
0.137388
0.0125922
0.104802
0.0947054
0.13249
0.0947104
0.106276
0.168156
0.143678
0.107341
0.0891042
0.0162549
0.0129994
-0.0111051
0.0228145
0.0702506
0.0381816
-0.00422585
0.0466289
0.0490551
0.0166319
0.0704433
0.0281946
0.0815746
0.113418
0.112099
0.0771854
0.0487297
0.123835
0.0632087
0.0955336
0.0805281
0.0839168
0.0141065
0.0749176
-0.0476616
0.022882
0.00813249
0.00130456
0.0818582
-0.00180305
0.00856961
0.0288351
-0.00706382
-0.0678657
0.146153
0.0166981
0.149246
-0.0514339
0.167405
0.179947
0.096394
0.0939792
0.121615
0.112203
0.0037747
0.0688502
0.0203321
-0.012118
0.114105
-0.0446967
-0.0130638
0.0349606
-0.0144537
-0.00811427
0.0648062
-0.0736315
-0.049242
0.0384772
0.0961401
0.141126
0.107609
0.0930195
0.134859
-0.0317368
0.0796386
-0.0584694
0.0168753
0.129828
0.120454
0.145879
0.0222617
0.0728912
0.0576082
0.0513673
0.0230977
0.0520423
0.144802
0.0185595
0.0811024
-0.0415714
0.169466
-0.0227179
0.158175
0.115264
0.098915
0.0147763
0.103712
0.0275483
0.0236366
0.0873652
0.145449
0.102712
0.108966
0.00988667
-0.0864155
-0.0526537
0.0243557
0.0156783
0.0192786
-0.0352481
0.0187916
-0.00364543
0.0177683
-0.0180413
0.0906358
-0.0362866
0.0618926
0.0792097
0.0627445
0.125507
0.0929385
0.00659328
0.0950364
0.0706862
0.0936387
0.141711
0.113426
0.0415792
-0.0428447
0.0545225
0.0480229
0.0491859
-0.0169956
-0.0533276
0.0614858
-0.0071766
-0.0160032
-0.00759686
0.0491062
0.0177776
0.128936
0.0873138
0.113914
-0.0105194
0.144481
0.116967
0.186619
0.0998722
0.113209
0.104601
0.163512
0.0383946
0.0323444
0.0577666
-0.0146512
-0.0075801
-0.0360507
-0.0178857
-0.0963715
-0.0119821
-0.0381875
-0.00427343
0.0365547
-0.0406967
0.15695
0.123019
0.121581
0.102728
0.0785879
0.120714
0.244866
0.0801344
0.13367
0.0966661
0.222016
0.0471703
-0.0305034
0.22849
0.0301657
0.0444142
0.00191867
0.0686857
0.0296221
0.0551527
0.030984
0.00616259
0.0181256
0.0152361
0.159253
0.203286
0.0824254
0.150688
0.133994
0.0985955
0.151298
0.169848
0.240689
0.0677687
0.133622
0.0849337
0.0305488
0.0766623
0.0493861
0.013705
-0.000460341
0.0669338
0.0480037
0.0981048
0.0225698
0.0450203
0.120696
0.0594539
0.142125
0.0490487
0.154174
0.0493404
0.105797
0.152784
0.134494
0.101364
0.121878
0.0893482
0.102222
0.0159489
0.0669358
0.0136888
0.101589
-0.0266492
0.437521
-0.00940494
-0.0306453
0.00427144
-0.00433591
-0.0454351
0.0577339
0.00542353
0.119841
0.162849
0.104601
0.134685
0.109816
0.0365781
0.0684333
0.0706675
0.0944874
0.0833136
0.0946226
0.0252432
0.0366145
0.0458303
0.0430496
0.0987906
0.10297
-0.0301213
0.123134
0.0183782
0.0134577
-0.0375845
0.0447827
0.0285112
0.0950139
0.0698666
0.152393
0.083552
0.12124
0.0390026
0.125941
0.0748417
0.00259995
0.0896517
0.122589
-0.0280755
-0.114108
0.0793713
-0.029234
-0.0247834
0.0480407
0.0012328
-0.0284032
-0.00164059
-0.0219549
0.0310148
0.0988994
0.119638
0.0341941
0.0437616
0.117484
0.179079
0.0717547
0.102776
0.116575
0.106024
0.171748
0.166829
0.12502
0.0915878
0.0616272
-0.0367277
0.0231284
0.0868765
0.0569213
0.0403723
0.0436736
0.198036
0.0320859
0.0264811
-0.00593951
0.0392445
0.123635
0.142499
0.10304
0.144957
0.158306
0.0055289
0.121584
0.10085
0.160287
0.114392
0.119314
0.100711
0.0257497
0.0097659
0.041775
-0.00748286
0.0251511
-0.0302013
0.0290665
-0.0130936
-0.0277021
-0.0133205
-0.0132706
0.0509086
0.121741
0.0494044
0.143961
0.104435
0.160363
0.0818052
0.152528
0.114031
0.108482
0.077638
0.065699
-0.00209908
0.0170341
-0.00940237
0.0578168
-0.00982788
-0.00977935
0.0062541
-0.0246803
-0.0489264
-0.0135923
-0.00948118
0.0229547
-0.05858
0.0771632
0.07721
0.114169
0.0759814
0.129259
-0.0369439
0.14753
0.0532743
0.153924
0.076794
0.144166
0.177715
-0.0298988
0.0244486
0.122736
-0.0513716
-0.0466369
0.243029
0.0295565
0.0843398
0.0667989
0.015135
-0.0391
0.0443576
0.192413
0.0139403
0.30881
0.0438225
0.217749
0.0372833
0.0625758
0.14823
0.09495
0.139887
0.183333
0.0757222
-0.0702716
-0.0199452
0.0348253
-0.016713
0.00970045
0.0201867
-0.0505538
-0.0881956
-0.0818816
0.0234689
0.00690249
0.0372093
0.136588
0.149001
0.137731
0.127971
0.0820089
0.0869719
7.71333e-05
0.0618494
0.0773717
0.0322685
-0.0353663
0.118853
0.00878305
0.0062936
0.0282653
0.0468668
-0.130051
0.0311872
0.000183286
0.0206937
0.0059213
-0.00235581
-0.170971
-0.0854
0.0211831
0.0734218
0.167248
0.141476
0.0583562
0.143595
0.123907
0.138947
0.0832966
0.0759848
0.0991385
0.101943
-0.0273422
-0.0967257
-0.0542987
0.0137352
-0.022273
-0.0711539
-0.0449168
-0.114932
0.022741
-0.166254
0.00452416
-0.108065
0.0298605
0.0576704
0.031024
0.0417287
0.215967
0.10706
0.0590527
0.111602
0.104601
0.020654
0.0231045
0.00484211
0.0353867
-0.0174811
0.0773782
-0.0328628
0.00189388
-0.0814538
-0.0145313
-0.0611692
-0.000990932
-0.0786743
0.0172942
0.0620835
0.063466
0.181968
0.0838757
0.0962061
0.0713011
0.0963103
0.137462
-0.021024
0.01907
0.06693
0.115661
0.108359
0.0171518
-0.00807018
-0.0462616
-0.0152925
0.0109446
0.0107014
0.0300659
-0.0494248
0.0252165
-0.00351093
0.0327353
-0.0706882
0.161228
0.0652643
-0.0174226
0.0769406
0.0572951
0.0539737
0.0714739
0.0617147
0.0445734
0.148025
0.118819
0.131821
0.0865782
0.00217219
0.00513558
0.0430093
-0.0338866
0.0102741
0.160155
0.00898691
0.0397112
0.0495803
0.0355526
0.00487979
0.128663
0.13808
0.103647
0.0601046
0.182327
0.104601
0.0769485
0.0645672
0.148595
0.113519
0.11179
0.0679793
-0.0780894
-0.0445322
0.0998905
0.012057
-0.0360175
-0.00140389
0.0100488
-0.06143
0.0383598
-0.00183793
-0.0416609
0.0177527
0.15878
0.0781908
0.175722
0.101596
0.122116
0.00413926
0.170624
0.115958
0.128198
0.0311998
0.148246
0.0742188
0.0757709
-0.0344666
-0.0274621
-0.046982
0.0125194
-0.0407932
0.0502205
0.0208673
0.00786596
0.0849837
0.0518608
0.0676714
0.0850793
0.153773
0.124735
0.110965
0.104101
0.0216931
0.0768067
0.116151
-0.0332013
0.064251
0.209377
0.126985
0.0270085
0.0287738
-0.0974762
0.050883
-0.00654905
-0.0896946
0.0341132
-0.0478428
0.0267442
0.00208749
0.066085
-0.000562996
0.105113
0.0533885
0.190707
0.0162178
0.0343553
0.125166
0.122858
0.102379
0.134442
0.0950859
0.175226
0.124325
0.030946
-0.062665
0.0131702
0.0349061
0.0161241
-0.0123317
0.0097655
-0.0510421
0.101348
0.0164085
0.00895202
0.035898
0.0699261
0.10606
0.159108
0.128995
0.0870973
0.109178
0.0989207
0.113523
0.118245
0.0636428
0.0541104
0.0468756
-0.0341696
-0.0259976
-0.0926513
0.00244646
0.056374
0.052929
0.0442325
-0.0352611
-0.0417657
0.00133981
0.135577
-0.0213628
0.0159005
0.127752
0.10118
0.0384653
0.151372
0.0668539
0.0662917
0.180612
0.105258
0.0883026
0.061677
0.0584837
-0.0883634
-0.0425922
0.00437929
-0.16203
-0.0192393
-0.031081
-0.0708937
-0.0146545
-0.0222463
-0.0269279
0.0231032
-0.101959
0.109415
0.0446419
0.0601849
0.0543073
0.102597
0.0749825
0.0528426
0.0121919
0.0572298
0.125939
0.15132
0.217871
0.0382941
-0.00314394
-0.0537083
-0.00851289
0.0829462
-0.0340425
-0.0241578
-0.0806837
0.00752726
0.0371219
0.0720505
-0.0375053
0.0340037
0.0622689
-0.00775808
0.0319704
0.110489
0.0629585
0.123098
0.0275595
0.0564317
0.0401356
0.0811886
0.0313032
0.00817151
0.0472121
-0.028147
-0.030181
-0.073524
-0.0115664
-0.0489427
-0.0167009
-0.128297
-0.113061
-0.022279
-0.107307
0.0852149
0.104288
0.0442758
-0.0240272
0.027418
0.0734472
0.0569286
0.119389
0.0977207
0.0111271
-0.0638609
0.0635379
-0.100885
-0.0667151
0.0367253
0.116396
-0.0223344
0.0231026
-0.00402
0.00742019
-0.0319474
-0.0561184
0.006935
-0.081461
0.106762
0.0376546
0.120683
0.131456
0.0551907
0.0918646
0.070823
0.0254202
0.028276
0.0972123
0.079727
0.118982
0.0135624
0.0124652
-0.00914522
-0.0272201
0.068526
-0.0229583
-0.0601351
0.0209044
-0.00533344
0.0209544
0.170155
-0.0581259
0.252691
0.0132239
-0.00465006
0.0678138
0.0712326
0.104389
0.11414
0.0693463
0.125684
0.0308537
0.0581637
0.0564598
0.00420776
-0.0203373
0.0111943
-0.00295581
-0.00867139
-0.167783
0.0336405
-0.073724
-0.0505458
-0.0458545
0.107728
-0.0798948
0.153065
0.0288807
0.122709
0.0459886
0.113622
0.13022
0.100323
0.14397
0.0615351
0.106814
0.154019
0.0717875
-0.0376833
0.0459948
0.0600459
0.00393121
0.0414668
0.00365274
0.0969527
-0.0122763
-0.0164423
0.0475294
0.0150421
-0.000442513
0.0987561
0.0723826
0.132148
0.0636306
0.0580253
0.100867
0.0413697
0.117726
0.0433494
0.0737249
0.0606764
0.0354556
-0.0972971
-0.0445184
0.00860143
0.0483936
0.0254201
0.00990155
-0.00413905
-0.0481163
0.00208064
0.0151685
0.0645195
-0.0321242
0.144282
0.0528295
0.0973554
0.0793428
0.114823
0.137716
0.10161
0.0778672
0.139297
0.17053
0.199244
0.120574
0.0448432
-0.0158993
0.0133999
-0.023222
-0.016449
-0.0901914
-0.138153
0.0331152
0.0260446
0.032029
-0.0809617
0.0792087
0.0884983
0.0893559
0.0139237
0.0607288
0.0514767
0.073641
0.108675
0.123897
0.157425
0.140791
0.0967558
0.139482
0.0178502
0.10541
0.044372
0.000994848
-0.0410721
0.00676922
0.0711777
0.0299566
0.0306985
0.0688565
-0.0900171
0.0385012
0.133909
0.131
0.0919634
0.122302
0.0653896
0.0665203
0.105826
0.19671
0.138153
0.127013
0.101235
0.140764
0.0460955
0.00385748
0.0634659
0.0382257
-0.0341655
0.0652218
0.0229432
0.0323227
0.00693938
-0.0157897
0.0381641
0.0409802
0.123034
0.197943
0.0628436
0.0923439
0.116531
0.0816129
0.0578493
0.227302
0.0480109
0.0181568
0.0801479
0.131361
0.0500133
-0.00435643
0.0123753
-0.0159007
0.0349521
-0.0347444
-0.0101808
-0.00647868
0.0229105
-0.00653946
0.0254717
-0.0252166
0.0367961
0.0316916
0.0616071
0.0796869
0.0385343
0.0273808
-0.0784526
0.0357202
0.0792103
0.123461
0.13314
0.0354797
-0.030397
-0.0854715
-0.0105907
-0.0797465
0.0111721
-0.065289
-0.0326316
-0.141846
-0.0720372
-0.0193934
0.0379046
0.0084996
0.0753414
0.0746498
0.101398
0.0356318
0.0205467
0.0858924
0.124419
0.0958726
0.00837586
0.0880285
0.103502
0.11604
-0.00806649
0.021663
-0.0398268
-0.0291468
-0.0232817
-0.0237448
0.00238041
-0.00143175
-0.0583198
0.02315
-0.0588444
-0.00404981
0.0632087
-0.0109685
0.0861259
0.147738
0.123946
0.0374789
0.106255
0.133461
0.0733049
0.108406
0.0893614
0.0970533
-0.0470413
0.00285915
0.0667237
-0.0350939
0.0261848
0.0263576
-0.082715
0.0623581
0.0223846
0.0696797
-0.016849
-0.0882977
0.152124
0.114679
0.0288313
0.034352
0.130594
0.0570404
0.124235
0.169263
0.139933
0.132874
0.000181371
0.0796888
-0.0428106
-0.0744838
-0.0751282
0.00868487
-0.0898382
-0.068015
-0.0624283
0.0604459
-0.0595134
-0.0614023
-0.118914
-0.0091926
0.0226685
0.13108
0.0307641
0.0218845
-0.016405
0.0831125
0.0543712
0.0209678
0.125731
0.0724167
0.0456236
0.105131
0.0297148
0.00842436
-0.00853512
0.00747058
-0.0133138
-0.0595756
-0.0447838
-0.0603219
-0.0388207
-0.0602566
-0.0538458
-0.0643818
0.0771931
-0.0436409
0.0491569
0.104601
0.0709261
0.0982103
0.0161012
0.073193
0.02893
-0.00968275
0.0886088
0.0983524
0.0612953
-0.0180923
-0.166954
0.0255085
-0.0270001
0.00436258
-0.0376144
-0.0216765
-0.0445851
-0.0500682
0.023365
-0.0538369
0.0692527
0.140953
0.0889979
0.124531
0.021516
0.101366
0.0576487
-0.0459291
0.0283196
0.108837
0.024391
0.0992889
0.110838
0.0102827
0.00494951
0.0407813
-0.030417
0.0549303
-0.135804
-0.085904
-0.0711255
-0.030513
0.049858
0.00245542
0.0675167
0.00492811
0.115926
0.0308152
0.058909
0.201511
0.0779863
0.0568894
0.0254695
0.0814891
0.0852845
0.0228285
-0.0404286
-0.0410713
0.00822455
-0.0548627
0.0841308
-0.0812368
0.0318503
-0.0547825
0.00261539
-0.0442286
-0.0392369
-0.102124
-0.00544971
-0.0424079
0.129535
0.0914479
0.0131164
-0.0218323
0.100905
0.00661148
0.0237648
0.0310736
0.0277839
0.0771946
0.049517
-0.00326526
0.0275862
-0.0396721
0.0171998
-0.00175184
-0.0177945
-0.00219341
-0.0628235
-0.0139094
0.0530915
0.0224477
0.172613
0.0777431
0.0706711
0.126979
0.022619
0.0723149
0.25428
0.108499
0.178181
0.0660362
0.0799728
0.0360419
0.0469947
0.0459894
0.11298
0.0219257
0.093952
0.107524
-0.0087601
-0.0320041
0.0701558
-0.0217357
-0.00759738
-0.0558066
0.0879068
0.0935172
0.133304
0.0780918
0.0439914
-0.0215722
0.0175363
0.0792251
0.0719481
0.0898065
0.0520843
0.103224
0.0894721
-0.0629945
-0.0662042
0.0319928
-0.00867773
-0.0154033
-0.126889
0.112715
-0.0410278
0.0551006
0.0949285
0.0313329
0.0836434
0.0592918
0.0613092
0.0673717
0.130961
0.130677
0.034259
0.0684418
0.0691291
0.0856164
0.0422078
0.0594249
-0.0182443
0.0388383
-0.0466663
-0.0297229
0.000715003
-0.0396607
-0.0377373
0.103326
-0.0988258
0.0147721
-0.0116972
0.0379162
0.113159
0.167119
0.0906229
0.195638
0.179733
0.0805986
0.11413
0.0341035
0.168533
0.0986228
0.0363842
0.11428
-0.0833757
0.0367774
-0.00228779
-0.00306487
-0.052276
-0.000660257
-0.11746
0.0758158
-0.0130254
0.00417264
-0.0742833
0.0226029
0.0528859
0.145428
0.111448
0.105804
0.0669783
0.0887581
0.0557082
0.0913014
0.0866719
0.016067
0.132098
0.0879702
0.0132401
-0.0498852
-0.0308842
-0.00114323
0.051611
0.0282324
0.154994
-0.018162
-0.0133437
0.102983
0.0222995
-0.0514048
0.0762037
0.0868726
0.09622
0.147297
0.0709577
0.0588855
0.0952955
0.150022
0.0815091
0.0924881
0.118857
0.0964601
-0.0454892
-0.113292
-0.033314
-0.0356457
-0.0358219
-0.0643471
-0.0926987
0.0302946
0.00966779
-0.00878879
-0.00592402
-0.0983329
0.0689897
0.179938
0.0635169
0.100862
0.0606507
0.0922044
0.0781176
0.0220578
0.107924
0.0834275
0.129664
0.029699
-0.0139336
-0.0303109
-0.0160016
-0.00675158
0.0346812
-0.0904459
0.040495
-0.00855914
-0.0259642
0.0213762
0.0329925
-0.0168272
0.0918583
0.0202133
0.161772
0.0753559
0.127213
0.112638
0.0314943
0.0129877
0.121321
0.0353796
0.145762
0.0887011
-0.0271309
0.105027
0.0260812
0.08911
0.044265
0.0250626
0.012231
-0.0331032
-0.144134
0.132897
0.0277422
0.10948
0.11467
0.0399416
0.0732725
0.0779683
0.0558301
0.114821
0.0570806
0.0371855
0.146094
0.071472
0.108704
0.153586
-0.0849802
0.0395352
-0.0273474
0.00321892
0.00939784
0.0294645
0.0576557
0.0288301
0.0650603
0.0232108
-0.0624317
0.0287685
0.290989
0.0939651
0.0710068
0.115895
0.125406
0.0928081
0.113755
0.0887098
0.177359
0.105962
0.108749
0.139912
0.0715599
0.0256389
0.00848072
0.0902838
-0.0285992
0.0250362
0.0768065
-0.061435
0.0703754
0.0362914
0.132664
0.109342
0.0384289
0.0311985
0.0504719
0.0912193
0.0761846
0.147054
0.128541
0.07108
0.108349
0.135364
0.153957
0.0167069
-0.0358864
-0.0641333
-0.0342827
-0.0159895
0.032464
0.0544033
0.0538977
-0.0198946
-0.00792806
-0.0415266
0.0426451
-0.0484915
0.144543
0.0602173
0.0414394
0.0549782
-0.0306042
0.0810109
0.126019
0.0683679
0.0184713
0.0683627
0.128134
0.0974353
0.0149699
0.0124696
-0.0229539
0.0537686
-0.0848068
0.106626
0.0267107
0.00589939
-0.0211677
-0.102155
0.025912
0.0491151
0.0616501
0.029065
-0.00474921
0.0220922
0.102804
0.0899787
0.0888231
0.0877755
0.109641
0.0875458
0.160168
0.105078
0.0174512
-0.0449798
-0.00857002
-0.0275709
0.054143
-0.0826078
0.0638939
-0.0428733
-0.0360694
-0.00706219
0.03518
-0.114729
0.12997
0.0510148
-0.00344246
-0.00143874
0.0517221
0.0302873
0.161584
0.0901525
0.172289
0.0612058
0.130999
0.0955238
0.0861588
-0.0139373
-0.00881692
0.0563468
-0.0223102
-0.00918779
-0.0150242
-0.0156308
0.00827215
0.00510033
0.0116455
-0.0142049
0.103204
0.00959411
-0.0485599
0.0642783
0.102671
-0.0294149
0.09211
0.111477
0.0310411
0.0486292
0.130349
0.0558305
-0.0427996
-0.0311832
-0.0558774
-0.0835377
-0.0902639
0.071065
-0.0694282
0.0096408
0.0788764
0.0683734
0.0835088
0.186601
0.122742
0.098224
0.0727017
0.108925
0.164016
0.0390443
0.0543011
0.0608661
0.110129
0.0653676
0.164152
0.170554
0.0525065
-0.0468583
0.00334763
0.102693
0.0511973
0.038118
0.0531216
0.0155067
-0.0230983
0.0949168
-0.0390726
0.00903726
0.0773426
0.0942477
0.160542
0.1082
0.137674
0.068951
0.109173
0.0815361
0.129236
0.17111
0.181679
0.0841851
0.0188294
0.0297341
-0.0533084
0.0367832
0.00514914
0.0437398
-0.0665378
0.0498146
-0.0591907
0.0274852
-0.026131
0.0105705
0.0362074
0.0267146
0.054236
0.0103127
0.102755
0.152864
0.0156439
0.131377
-0.0413335
0.0612
0.0867189
0.0562592
-0.0188068
0.0603935
0.0901276
-0.0198054
0.0584443
0.00242716
0.029697
0.00362281
-0.0115156
0.00287648
0.0343065
-0.0865536
0.0722541
0.0777682
0.128677
0.0686478
0.0523176
0.080859
-0.0264399
0.0771218
0.0757155
0.0598297
0.0548069
0.0756129
0.0460696
0.0461739
0.0798494
-0.0171964
-0.0331774
-0.00447218
-0.0254288
-0.0161455
0.0142412
0.0330844
0.0770903
0.0501338
0.0750462
0.0161625
0.0649122
0.036988
0.123441
0.14339
0.164873
0.130643
0.0460788
0.0307151
0.0763346
0.0941886
-0.0173788
0.033061
-0.0934575
-0.118997
-0.0574513
-0.0688718
-0.0654877
-0.0455819
-0.0378975
-0.0689321
-0.0540565
0.0735018
0.0466094
0.0351274
0.0541185
0.0364856
0.0702738
0.0525002
0.0618175
0.055637
-0.00647416
0.0762328
0.0916658
-0.107391
-0.0929253
-0.0346152
0.0265467
0.00795482
0.0484364
-0.0343625
0.036958
-0.00597462
-0.0114792
0.0644067
-0.0116475
0.00199088
0.0715701
0.0225909
-0.00401201
0.145309
0.0046995
0.0967255
0.113949
0.0836522
0.0581427
0.162433
0.0176375
0.0456151
-0.0791616
0.0221583
-0.0075801
0.00629717
-0.0430268
-0.0563953
0.0437571
-0.0256153
-0.0894046
-0.0215947
-0.0993388
-0.0469749
0.129951
0.0760799
0.068719
0.0795896
0.0841423
0.0598257
0.0465414
0.0900155
0.0869145
0.0316976
0.0574099
0.084793
-0.0689188
-0.0846631
0.0742569
-0.0804364
0.0322363
0.0535864
0.0724425
-0.0101595
-0.0508781
-0.00839393
-0.0517667
-0.0478002
0.143911
0.0843006
0.08033
0.0667842
0.0286673
0.0456424
0.106313
0.17634
0.153102
0.0227393
0.100841
0.0410072
-0.0186268
0.00893234
-0.0337013
-0.00549288
0.00362512
-0.00842032
-0.0152717
-0.0253734
-0.0398433
0.0262019
-0.00671648
-0.0472664
0.0371987
0.0813449
0.049277
0.0992185
0.151551
0.0858157
0.0818384
0.0702325
0.076963
0.0931181
0.112682
0.0692734
0.0164418
-0.0228742
-0.0322719
0.0156134
-0.0719337
0.0522074
0.0544489
-0.0165286
-0.0706712
0.0199822
0.0420188
-0.0187681
0.0915136
0.0709496
0.0412144
0.102187
0.0497087
0.101167
-0.0175564
0.0810125
0.111305
0.0676542
0.0999012
0.0208782
-0.0105188
-0.0135767
0.0506912
-0.062333
-0.00569683
0.0501393
0.0305271
-0.064618
0.0692321
-0.0555362
-0.0509367
-0.0371261
0.00739505
-0.044746
0.195947
0.0482518
0.148805
0.0725321
0.0361227
0.0569121
0.0593966
0.0482777
0.162119
0.0190994
-0.088722
0.00478881
0.0497181
-0.0332366
-0.029771
-0.0128597
-0.0403479
-0.0410956
0.450176
-0.0480772
-0.102039
-0.067733
0.145506
0.0132887
0.0800478
0.0361853
0.0184914
0.0106969
0.10826
0.0435319
0.114834
0.0899582
0.158478
0.0410396
-0.00712129
0.0293434
0.30643
-0.00824524
-0.0146906
-0.0424564
-0.0486199
0.00950634
0.0189297
-0.0123825
0.0569202
0.0692704
0.040333
0.0982224
0.122387
0.11285
0.119911
0.0599279
0.0902036
0.106529
0.247529
0.0598724
0.0830362
0.0823576
0.000546213
0.00816049
0.0476447
-0.0408495
0.00459511
0.00297722
0.0546243
0.0468677
0.0353222
-0.00369709
-0.0465027
-0.0147484
0.146139
0.0566007
0.0868726
0.0968312
0.115882
0.0877335
0.0732986
0.0587015
0.00694967
0.116149
0.0714379
-0.0562153
-0.0068349
-0.0427745
-0.0204991
-0.0163134
-0.0289842
-0.0275933
-0.0365988
0.0415376
-0.0278239
0.0244472
0.0565792
-0.0210196
0.0144248
0.0455978
0.0455002
0.0234188
0.147419
0.0911104
0.103896
0.100375
0.131109
0.155082
0.0781528
0.133642
0.0541215
-0.0264172
0.016391
-0.0132634
-0.0780802
-0.0653111
-0.0393784
-0.0621109
-0.032472
-0.0420128
-0.0227253
-0.00856519
0.0387841
0.100262
0.126878
-0.00134328
0.128056
0.0648569
0.0878388
0.0531254
0.117042
0.0644842
0.147566
0.111102
-0.0268169
0.0273642
-0.0116535
0.0357456
-0.00623972
-0.00631299
-0.0719167
-0.0327582
-0.0409382
-0.119435
-0.0462606
-0.130878
0.0263209
0.102285
0.121548
0.0758988
0.0904768
-0.0272003
0.0866693
0.0867747
0.0938463
0.0929953
0.123399
0.0267276
0.248884
-0.223256
0.0527963
0.00191418
-0.0258046
-0.0149448
-0.0259309
-0.0231149
0.0925011
-0.0484647
-0.0397576
-0.00856434
0.0394164
0.0958389
0.0731974
-0.00654905
0.0392394
-0.0367278
0.0929086
0.0651328
-0.0318425
0.0101802
0.041775
-0.00659685
-0.0422919
-0.0594013
0.0174512
0.0105422
0.00631937
-0.0920741
-0.13248
-0.0138906
0.0300463
-0.101979
0.0519853
-0.0451524
0.0933558
0.124115
0.00455244
0.0575938
0.0104513
0.112478
0.112334
0.151957
0.120232
0.0976525
0.0464227
0.0288806
0.020471
-0.0340644
-0.0707848
0.0221861
-0.0720002
-0.0669945
-0.0398949
-0.0548664
-0.131912
-0.0378731
0.0351578
0.0245672
0.0345113
0.0697093
0.10926
0.117762
0.335558
-0.00934196
0.103421
0.130095
-0.00559083
0.0857476
-0.00110988
0.162694
-0.0701597
0.0510153
0.0443534
0.032274
0.0338223
0.000489435
0.0386729
-0.0191826
0.0298197
0.0629214
0.012594
0.00576239
0.0526238
-0.00836785
0.05249
0.00672732
-0.0251821
0.0569023
0.100689
0.0507833
0.185784
0.0794026
0.0293408
0.0785177
-0.00669395
0.0144592
0.0340847
0.0321481
0.0354264
-0.00950309
-0.0226363
0.0358372
-0.0236072
0.037109
-0.0138814
0.0604313
-0.00363162
0.0952739
-0.0342246
0.0691911
0.0860877
0.0631312
0.0825447
0.105223
0.164738
-0.0281969
0.145425
-0.0416225
-0.0650502
0.00275946
0.0190897
-0.068238
0.0500888
0.0125761
0.00262265
0.0370434
0.0208244
0.0161128
0.00510022
0.0148793
0.169378
0.0900907
0.0106514
0.0882224
0.0933236
0.0647511
0.0748293
0.0917188
0.00902428
0.18038
0.0919737
0.0783459
0.0461457
0.085089
-0.0594457
-0.048521
-0.0329474
-0.0538077
-0.0210938
0.0145571
0.101969
0.0788519
-0.0383396
0.0125102
0.153918
-0.0170702
0.023756
0.0628941
0.0740585
0.0850793
0.0064464
0.0512103
0.0141574
0.0611531
0.0943264
0.105854
-0.00608888
0.029403
0.0325122
0.00895942
-0.00121355
-0.0982969
-0.0961124
-0.00727725
-0.0539739
0.0295787
0.0963213
0.120689
0.0287558
0.0328933
0.121314
0.0887322
0.110951
0.0443557
0.0150191
0.0186266
0.085136
0.00853006
0.0661256
0.0205374
-0.024215
-0.033787
0.0360335
-0.0752828
-0.0118519
-0.0388751
-0.0254585
0.0218265
0.0159854
0.0191591
-0.0362534
-0.0679202
0.0554098
-0.000558694
0.0442255
0.0265258
0.12825
-0.0446031
0.0741335
0.0427743
0.0213455
0.0969146
0.130871
0.1485
-0.00276416
-0.0346471
0.0375195
-0.0599121
-0.0508844
-0.0602288
-0.0767138
-0.0097511
0.0832304
0.00192439
-0.0276777
-0.0749838
0.00428979
0.100725
0.0527025
0.0380657
0.0595324
0.101528
0.00880862
0.0874747
0.00814479
0.129851
0.0700944
-0.0226757
-0.0360176
-0.0156719
-0.0598041
-0.113731
-0.0840953
0.0264886
-0.101229
-0.0056631
0.000988546
0.0221829
0.0307771
-0.0156591
0.0640679
0.0792621
0.0592121
0.0285998
0.0684323
0.0707133
0.0516497
0.000492279
0.0914399
0.123315
0.0515325
0.019201
0.0558526
0.0384978
0.010855
-0.0195571
-0.000329938
0.0680798
0.015818
-0.0280566
0.055775
0.0529454
0.050662
0.072026
0.0998408
0.122158
0.0239069
0.0919949
0.145616
0.191638
0.0704236
0.110174
-0.0635686
0.131143
0.0732402
0.166728
0.00196521
0.163707
-0.0852781
0.054571
0.0904644
-0.00718129
0.0886239
-0.0341374
0.0255355
0.0401865
0.0186654
-0.0545614
0.0819218
0.0819184
0.20184
0.0160953
0.00429333
-0.0504317
0.0472075
0.101751
0.12379
0.0585015
0.166962
0.0602164
0.0775813
0.123089
0.0113377
0.0713405
0.00279223
0.0752489
-0.0527353
0.0450705
-0.0130783
0.0553948
0.0608859
0.0356
0.0855578
0.00869761
0.104601
0.109469
0.151029
0.0611441
0.130679
0.17051
0.0446458
0.0888964
0.170815
-0.187201
-0.0146491
0.0129971
0.0286253
-0.00614474
-0.075555
0.0609655
-0.066932
-0.019808
-0.0556131
0.02915
-0.00616331
-0.0615583
0.0914399
-0.00630918
0.112719
0.14823
0.0254202
0.0606053
0.0730147
0.074099
0.0798228
0.0514547
0.0316401
0.0158474
-0.0146586
-0.0146965
-0.0996287
0.0520439
-0.0291298
-0.0824415
0.0286804
-0.0572245
-0.0136107
-0.093851
-0.0293392
-0.0756923
0.350355
0.0616169
0.114206
-0.0277997
0.0808635
0.141515
0.0489993
0.0157856
0.0812352
0.00264092
0.0531501
-0.000218636
-0.034485
0.0359982
-0.0127431
-0.00498965
0.0129679
-0.0285554
-0.0674079
-0.05637
0.00459875
-0.0625994
0.00720643
-0.0308201
0.169954
-0.0642122
0.0636131
0.0477352
0.0624782
-0.0135227
0.096982
0.223188
-0.0219311
0.0997421
0.0260746
0.0762678
0.0229313
0.0207208
0.0254905
0.087266
0.00155003
0.0273376
0.0278417
-0.0254865
-0.0643941
-0.0126049
0.0375547
0.0271578
0.0984118
-0.0406244
-0.00907533
-0.00675502
0.0283923
0.108932
0.180148
0.0250348
0.0825512
-0.00461887
0.0449675
0.0335057
-0.0478771
-0.101285
-0.0976744
-0.0280063
-0.0549017
-0.0429505
-0.0892187
0.0119476
0.113681
0.111505
0.0233992
-0.0596018
0.117631
0.0197295
0.11969
0.129629
0.0564245
0.0479946
0.0919349
0.0133475
0.120799
0.103623
0.139579
0.212267
-0.0142555
0.000235395
0.0534489
-0.0802013
0.0463387
-0.0268762
0.0121642
-0.0599121
0.0228857
0.104514
-0.0329264
0.22309
0.228173
0.0761538
0.0232912
0.147797
0.140134
0.118006
0.0660064
0.11351
0.106583
0.0759111
0.201511
0.0640539
0.0168306
0.0006172
0.00711344
0.0325414
0.0192465
0.0264462
-0.0780052
0.020019
-0.0446268
0.0595113
0.0152738
0.0330491
0.164876
0.084327
0.05232
-0.00992923
-0.00404224
0.000596572
0.070688
0.0764573
0.125442
0.0608329
0.0472735
0.141603
0.0406496
0.0259196
-0.061693
0.087648
0.0313965
-0.0832921
0.0228763
0.0470928
-0.000216564
0.0675339
0.105123
-0.0277614
-0.0769666
0.184341
0.0711181
0.065972
0.0430392
0.084721
0.0443534
0.00830786
0.0532808
0.0565322
0.0648111
-0.0808299
0.00817558
-0.0595031
-0.0459267
0.001436
0.0166442
-0.0367632
-0.122603
0.0100318
0.0896338
0.0352245
0.0199588
-0.0619863
0.0925033
0.0943501
0.0549348
0.067567
0.0359811
0.0961943
0.109509
0.014685
0.119279
0.100696
0.0719
0.0531294
-0.0312841
-0.0364157
-0.00241172
0.0582581
-0.0281015
-0.0148311
-0.0302265
-0.0504915
-0.00459763
0.0875369
0.0218823
0.0019264
-0.0729331
0.0735049
0.0639405
0.0242252
0.0789743
0.0672588
0.0152189
0.0443165
0.109559
0.0440466
0.0446181
0.00286995
-0.0182008
-0.0730422
-0.104169
-0.0326899
-0.0695131
-0.0819246
-0.0235028
-0.102675
-0.0281254
0.0214534
-0.0173182
-0.0170424
-0.0181671
0.0450236
0.0409216
0.0139288
0.110876
-0.00063397
0.016496
-0.028809
0.0358764
0.13504
0.148972
0.111272
-0.103325
-0.0249009
-0.0671626
0.012078
-0.0449625
0.053483
-0.00544795
-0.16945
-0.0914178
-0.0636611
0.0242802
-0.102106
-0.127062
0.109979
0.0203214
0.0711777
0.0361764
0.0135421
0.0207697
0.0845972
0.0999161
-0.100723
0.120584
0.0107888
-0.0104943
0.00562121
-0.0194259
-0.0438278
-0.00249146
-0.0117664
-0.0072752
-0.0406531
-0.0323983
-0.0355304
0.00190681
0.01542
0.00769138
0.0543159
0.170858
-0.0261554
-0.0160336
-0.003347
0.0471741
0.0395233
0.11557
0.0865915
0.00249861
0.0678276
0.0280321
0.031161
0.0803395
0.0177864
0.0969456
-0.0069063
0.0362024
-0.0491014
0.0136993
0.0295657
-0.0300208
0.0154182
0.00646976
0.0906129
0.0336461
0.0569642
0.0701905
0.0242205
0.00669413
0.0291344
-0.0526261
-0.0346448
0.0185584
-0.0172726
-0.0212796
-0.0457739
0.0369049
-0.0348907
0.0279492
0.050435
0.00745307
0.0199011
-0.0564588
0.0319563
-0.0866031
-0.0408612
0.110075
0.00489847
0.0704508
0.117657
0.0312099
0.0852448
0.0570902
0.00464495
0.0445386
-0.0196452
-0.00229903
0.0100453
0.0155049
0.025836
0.0459024
0.0172846
0.101607
-0.00992568
0.0533625
-0.0801935
0.0136974
-0.0492754
0.00243014
-0.0742315
0.104601
0.0576434
0.0916491
0.0487283
0.0234778
0.01126
0.0209396
0.00666471
0.0597614
0.0942277
0.0968421
0.0140316
-0.026032
-0.00457016
-0.0432846
-0.0837342
-0.0753123
-0.0517771
-0.075908
0.015216
0.192456
-0.0651497
-0.0858747
-0.147634
0.0727797
0.0974302
0.0847066
0.0514395
0.00149544
0.153872
0.0693213
0.201302
0.0653312
0.0824125
0.0794116
0.0683807
0.0990947
0.00453635
0.000919789
-0.0298794
-0.0417054
-0.0174625
-0.0193907
0.024163
0.0244616
-0.0096084
-0.084053
-0.0177227
0.0448994
0.0993308
0.0590762
0.0935213
0.075264
0.119581
-0.0473089
0.0801466
-0.0145365
0.0826071
0.0541799
0.0729173
-0.0627912
-0.00710724
-0.0706773
-0.0219855
-0.0196351
0.0517477
-0.0432423
0.225292
0.00568018
0.0522549
0.0102467
0.0713281
0.0760302
-0.00838248
0.0291649
0.0656333
0.0641305
0.0655198
0.0492818
0.0166683
0.0116576
0.030633
-0.0416702
0.209764
0.0515306
-0.0524998
-0.121902
0.0022819
-0.0384394
-0.00494949
-0.00399698
-0.0272534
0.010773
-0.0196161
0.0142569
0.0259393
0.0142967
0.0348213
0.063652
0.0781135
-0.0112634
0.0115281
0.015056
0.0238297
0.0596823
0.122126
0.0532597
0.0727318
-0.013765
-0.00487712
-0.0603739
-0.0215379
0.137032
0.0377689
0.00515354
0.0456411
0.0497623
-0.0293769
0.0301091
0.0089473
-0.0127119
0.0265561
0.0389098
0.07688
0.0679946
0.0234348
0.0641258
0.0532544
-0.0704055
0.0717951
0.108594
0.101942
0.035268
-0.0387576
0.0410645
-0.0184467
-0.119407
-0.00543413
-0.0507167
-0.0334688
-0.0252155
0.0166359
-0.0489589
-0.00759148
0.0133249
0.0724837
0.0102536
0.0518598
-0.0379761
0.0644632
0.0738031
0.0604533
0.0580389
0.0232447
0.0242351
0.0175585
0.00906231
-0.0758767
-0.032344
-0.0183665
-0.041242
-0.0717395
0.00858194
-0.000775511
-0.00241893
-0.0267982
-0.0521652
-0.0605108
0.0714187
0.0747106
0.0538615
0.509566
0.041267
0.101904
0.0390715
0.120738
0.170244
0.175838
-0.0455541
-0.079043
-0.0546127
-0.0304036
-0.0132443
-0.0296254
-0.0385756
0.00654999
0.00881354
-0.0324414
-0.037387
-0.0311724
-0.0272654
-0.0435926
0.0690419
-0.0520656
0.0333475
0.053858
-0.00642153
0.0633854
-0.010654
0.01221
-0.016187
0.0885265
0.0334939
-0.015896
-0.0638705
-0.0324227
-0.0179346
-0.0026341
-0.0411317
-0.0401185
-0.0436998
0.0371409
-0.0796199
0.00186181
-0.0838935
0.217986
0.0510103
0.0500994
-0.0269248
0.0577317
0.0492557
0.0181359
0.0329409
-0.0456335
-0.0374872
-0.013858
0.087911
0.0229313
-0.0586018
-0.00573022
-0.0940995
0.0298745
0.0035081
-0.0241147
-0.11225
0.0290903
-0.099617
0.0583348
-0.0413345
-0.0189969
0.254364
0.00992852
-0.0486041
0.0494223
0.0615992
-0.0324019
-0.0383352
0.0552449
0.0468367
0.0139907
0.00381268
0.0351845
0.00171281
0.0171913
-0.0812697
-0.0560729
-0.106112
0.0214736
-0.0441289
0.0107799
-0.134442
-0.030872
-0.0614702
-0.0132499
-0.0418583
0.0234072
0.109176
0.0613454
0.0075326
-0.00168567
0.0237116
-0.0252894
-0.0244933
0.0381498
0.0426831
-0.0170058
-0.0649195
0.0136092
0.207715
-0.0270788
0.01476
-0.00667636
-0.14262
-0.0233562
-0.0665183
0.0442917
-0.000154593
-0.0447061
0.0280699
-0.0379761
0.0469947
0.0311468
0.00769138
-0.00878522
0.200307
-0.0300698
0.0487653
0.0561447
0.0392215
-0.00218509
-0.0847912
0.00511905
-0.0377551
-0.0409239
0.016526
-0.0589324
-0.164882
0.0125919
-0.023685
0.0106631
-0.0425112
-0.0499292
0.028376
0.0613298
0.153138
0.0555372
0.0509515
0.127905
0.0583323
0.11022
0.0623391
0.0527611
0.0435104
0.079282
-0.0643846
0.00927562
-0.0629682
-0.0134703
-0.0638452
0.100023
-0.0478004
-0.00681208
-0.00175998
-0.0541089
0.00737286
-0.036867
0.0821522
0.27897
-0.00554492
-0.0556956
0.104601
0.0532051
0.0389909
0.113117
0.0309986
0.0925457
0.0951281
0.0362469
-0.0216502
-0.0869331
-0.0598092
-0.0346006
-0.060149
0.0544172
-0.0243296
0.0208088
-0.00109522
0.0191504
-0.0466035
-0.070608
-0.0403114
0.0758245
0.137225
0.0538302
-0.00203375
0.122904
0.0475064
0.0696588
-0.0291655
0.0162994
-0.016842
-0.0112703
0.0220057
0.00485803
0.0492823
-0.0292922
-0.027832
-0.00828046
-0.0569396
0.0339601
0.338805
-0.00865161
-0.090076
0.0648847
-0.0558848
0.0268511
0.135481
0.106308
0.00389402
0.0218471
0.101208
0.0528449
0.0458376
-0.0143774
0.0653025
-0.00264944
-0.166352
0.0982359
0.010882
0.00758766
0.0500521
0.0383689
0.0553377
0.0550287
0.0258277
-0.038176
-0.0126089
0.102932
0.0287276
0.238
0.0756202
0.0258909
0.17198
0.149712
-0.0484706
0.0815244
-0.00873416
0.0942605
0.0949333
0.111591
-0.0356323
-0.0200704
-0.0526913
0.051261
-0.0164423
0.0196342
0.0103773
-0.051636
0.0312426
0.0824808
-0.0440902
0.0581793
0.0972194
0.0251897
0.0476886
0.098627
0.052883
0.0741435
-0.0600516
0.0454565
0.0997038
0.123887
0.0496795
0.133603
-0.0218825
0.0401263
-0.042409
0.0997118
0.00319487
0.0787086
-0.0113254
-0.0591059
-0.0280991
0.0254533
-0.0740002
0.147481
0.0812466
0.0576765
0.0108422
0.115157
0.0820272
0.0291182
0.0430397
0.0936906
0.0323139
0.248024
0.0957008
0.0692234
-0.066949
-0.0478707
-0.0372691
0.00599162
-0.018258
0.115209
-0.0967791
-0.0665694
-0.0578949
0.154786
0.0632666
0.0479481
0.0369788
0.0680578
-0.116152
-0.00260858
0.0178877
0.0724633
0.00507029
-0.0190233
-0.00507188
0.0678371
0.0585466
0.0240117
-0.0130336
-0.00191054
0.0823539
0.0209715
-0.0350908
-0.0317828
0.0223364
0.0435334
0.00558558
0.146187
-0.111992
-0.0192686
0.0142552
0.0563949
0.0366139
0.0518578
0.0754525
0.0353881
0.0790688
0.055516
0.0237089
0.08559
0.0199326
0.101139
-0.00855436
-0.0439688
-0.0315876
-0.0347043
-0.027331
0.0139916
0.0408462
0.114145
-0.0672836
-0.0352406
0.0350068
-0.0550696
-0.0700683
-0.0166556
0.117118
-0.0296613
0.082117
0.0174974
-0.0458043
0.0407369
0.0353134
0.0261258
0.0823781
0.0684678
-0.0245661
0.0652269
-0.0264437
0.0940176
-0.0173331
-0.0571181
-0.0684669
-0.0622715
-0.0516287
-0.0245887
-0.0649741
-0.0473786
-0.00771344
0.0753364
0.0651873
0.0911479
0.0493959
0.0229011
0.0182416
0.0608925
-0.00329149
0.0616129
-0.0148745
0.0857271
-0.0294726
-0.0360687
-0.00697561
0.0212956
-0.12554
-0.0914536
0.0533478
0.00388729
-0.0104502
-0.0126899
0.00207569
-0.0402322
-0.0625208
0.0873521
-0.00466102
0.109772
0.0531984
0.0692656
-0.0338189
0.0484505
0.0207689
-0.022731
-0.00827822
0.175454
-0.240334
-0.0200936
-0.0421597
-0.0160972
0.0123455
0.193222
0.0192579
0.0459156
-0.0713721
0.00529508
-0.0434903
0.00964247
0.0670054
0.0754843
0.0321651
0.0962972
0.018266
0.165189
0.0506196
0.055859
-0.0359664
0.0360058
0.0459823
0.0970147
-0.0414316
0.0354851
-0.0129823
0.0104635
0.00411936
-0.028088
-0.0628797
-0.038789
-0.00981186
-0.0268761
0.0847919
-0.0222225
0.051959
0.0665698
0.0674259
0.0904589
-0.0223394
0.0908434
-0.0254549
0.0171351
-0.0953135
0.0418538
0.056089
0.0225418
0.0202884
0.00866848
-0.0233575
0.0365065
-0.0589444
-0.0807533
0.0333711
-0.0014543
0.0260358
0.00383701
0.0334613
0.0132473
0.0112579
0.0640529
0.083367
0.0489432
0.0721076
0.0263736
-0.00238304
0.0302062
0.157258
-0.05108
-0.118176
-0.0152142
-0.0264808
-0.0646879
0.0133812
-0.000707185
-0.0101465
-0.00705653
0.0705101
0.0386379
-0.0505079
-0.0437975
-0.0794208
0.0128539
0.100294
0.0339976
-0.0538412
0.0582833
0.146448
-0.00507303
0.00726438
0.00710728
-0.0243267
0.00924212
-0.0250108
0.0304121
-0.0915406
-0.0498743
0.0238735
0.00682747
0.00947484
0.0663614
0.0181384
-0.112527
-0.0292071
-0.122027
-0.0780309
0.00634682
0.0378492
0.067807
0.23039
0.0334371
0.0289751
0.0522721
0.153523
0.0932792
-0.0317734
0.025864
0.0963289
0.0299678
-0.0060867
0.0417163
0.0265182
-0.0179779
-0.00534256
-0.03981
0.00949783
0.0337348
0.00820566
0.114914
-0.00206961
0.086856
0.0151245
0.0283865
0.172144
0.085932
0.0226282
0.12135
-0.0622163
0.0524234
0.0761201
0.100405
0.0364037
0.0179105
0.019759
0.0524619
0.00422843
0.00828561
0.0174512
0.0166463
-0.0374128
0.0113083
0.0349004
0.04429
-0.0482275
0.0476303
-0.0336071
0.0368336
0.0183153
0.0879948
0.0107202
0.0435149
0.0571082
0.164425
-0.0185813
0.0424535
-0.056123
0.0144616
-0.174949
0.0224792
-0.0756036
0.0413373
-0.0266292
0.0299859
-0.0512425
-0.0524935
0.0106355
-0.00846115
0.0364631
0.0733131
0.106181
0.0915061
0.129068
0.01348
-0.12215
0.114282
0.0663017
0.058655
-0.0282432
0.0829937
0.110286
0.0526177
0.00900339
0.132677
0.0166676
0.0170671
-0.00696775
0.0862402
-0.0311158
0.0177537
-0.0209526
0.096248
0.104678
0.0163287
-0.00897867
0.0980526
0.0718776
0.153108
0.0954857
-0.075761
0.0802338
-0.0101349
-0.0459417
-0.0904616
0.127426
0.0712997
-0.0643788
0.0329395
0.103652
-0.000678768
-0.0266443
0.0147991
-0.0558797
0.00237078
-0.0272311
-0.0316701
0.0222603
-0.0221737
-0.119101
0.0453774
0.104278
0.0868492
0.0548797
0.0324343
-0.00343659
-0.0388207
0.0201709
0.0575945
0.0573157
0.0250036
0.0430934
0.0208551
0.142971
0.0198802
0.138267
0.0556782
-0.0917392
-0.0155788
-0.0463875
-0.0143744
-0.109763
-0.0453147
0.0959545
0.101145
0.0406993
0.13645
0.130015
-0.00771159
0.0308227
0.0956036
0.0786225
0.0529018
-0.000741774
0.056092
0.0408241
0.00739434
0.0127361
-0.0050437
0.038488
-0.0470704
-0.0864053
-0.0613742
-0.0595804
0.000232601
-0.0123842
0.0080058
0.00198351
0.0321873
-0.0211291
0.128987
-0.00296324
0.0343545
0.0147054
0.0943154
0.0647201
0.0247247
0.0273541
0.177247
-0.0860379
-0.0573999
0.0824218
-0.0458855
0.0172722
0.0587442
-0.1128
0.0337783
0.0449228
-0.0491216
-0.0466094
-0.102548
0.0289255
0.151767
-0.0399691
0.00902155
0.042488
0.0156603
0.0966325
0.0532685
0.0751636
0.0223069
-0.152998
-0.0646308
0.0555799
0.0875681
-0.00851569
-0.0184367
-0.0103893
0.113968
-0.0795973
0.0600193
0.0293098
0.0938966
-0.0938571
-0.036499
-0.00689063
0.123104
-0.0427182
0.0634292
-0.0173668
0.132891
0.208444
-0.0148794
-0.00115094
0.000263957
0.110191
0.00391895
-0.107373
-0.05762
-0.0638436
-0.0429483
-0.0623465
0.0785596
0.0971336
0.0300871
-0.101302
0.0684678
-0.0249458
0.0450612
0.0785044
-0.0259053
0.0184279
0.0351014
-0.0438238
0.188909
0.129881
0.0585706
-0.000674361
0.00901612
-0.0117668
0.0225757
0.0183017
0.0645604
-0.0282252
-0.0233143
-0.074647
0.0601172
-0.0783478
0.0652697
0.00716493
0.131701
0.128814
0.0575679
0.0335247
0.0295831
0.057625
0.0375743
0.0466095
0.107727
0.075198
0.0326722
-0.0380661
0.0660048
0.0690679
0.0663268
-0.0194969
-0.0544565
-0.0378416
0.102402
0.000489021
-0.0275403
-0.0291181
-0.0297026
0.00818427
0.12902
-0.170847
0.140794
0.0930651
0.0444333
0.105157
0.0770819
0.00241624
0.0651739
0.0602403
0.040875
-0.0250968
0.0341884
-0.0134593
0.0540311
-0.0871915
0.00399826
0.0363768
0.0222586
-0.0656657
-0.0300137
-0.0493599
0.0444919
-0.0170473
-0.00986328
0.066328
0.0519579
0.0223738
0.00456576
0.0232541
0.0463654
0.0166864
0.0450786
0.0387841
0.0548483
0.108277
0.170979
0.134083
-0.0304948
0.000574237
0.0284116
0.0131793
-0.0860812
-0.0723331
0.0225139
-0.0298988
-0.011587
-0.0407804
0.0050468
0.00637064
-0.00398471
0.0248902
0.0200094
0.0808054
-0.0338459
0.0438004
-0.0736117
-0.000418337
-0.0734684
0.0356204
0.0506769
0.0215046
0.0797067
-0.03252
-0.0168972
-0.0196198
-0.0179014
-0.0255536
-0.136136
0.0810856
-0.0219981
0.0149632
0.0483984
0.0487815
0.0466448
0.0646233
0.0840194
0.115556
0.020452
0.0666906
0.0641946
0.0118036
0.0831921
0.0196157
0.0668869
0.0461856
0.101692
-0.0805011
-0.0386362
-0.0149339
-0.0155759
0.0515309
-0.0156549
0.0115938
-0.0193531
-0.0258624
0.00184872
-0.000767368
0.0657842
0.0977977
0.0837287
0.136038
0.0433317
0.0103015
0.0435474
0.0265018
0.005554
0.0167417
0.0592645
0.0879584
0.0687454
0.126098
-0.0605041
0.174365
-0.0692442
-0.102477
-0.143663
-0.0812792
-0.0214095
-0.0244471
-0.117112
-0.0283356
-0.0776795
0.0408622
0.0208654
0.0844501
-0.0390868
-0.0471111
-0.273256
0.0190834
0.0111631
0.0847085
-0.0086876
0.109783
0.00273538
-0.0983282
0.0448456
-0.0489873
-0.0474983
0.0215445
0.00270395
-0.0885815
-0.100764
-0.0630698
-0.0261006
-0.0209526
-0.0838726
0.0664689
0.00667731
0.0242805
0.0193033
-0.017393
-0.0318012
0.0610683
-0.0157997
0.0476122
0.0149551
-0.0391938
-0.0583777
-0.0189328
0.00453912
-0.0735183
-0.0334795
-0.0894103
-0.0570776
-0.042108
-0.12376
-0.0208719
-0.121384
-0.10796
-0.109374
0.00989593
-0.051576
0.0139629
-0.00407746
0.0571513
-0.00358075
0.162499
-0.0539022
0.0140107
0.000676339
0.0134921
0.0135152
-0.0325416
-0.0202966
-0.125187
-0.00466696
-0.0574411
-0.0324947
-0.00484231
-0.0173006
-0.0492598
-0.113355
-0.079767
0.00528792
0.0764328
0.0563263
0.0668129
0.00856377
0.00783987
0.00521677
0.0162743
0.0764658
0.0840299
-0.0618568
0.105699
-0.0638367
0.00505632
0.103096
0.037257
-0.0159526
0.0524292
0.0191792
-0.0400744
-0.0343951
0.0237014
0.0226516
0.0469526
-0.0555905
0.00247097
0.109955
0.0574314
0.0355205
-0.0445768
0.0296513
-0.0396218
0.110688
0.0610408
0.188374
0.110746
0.109299
0.300971
-0.00608531
-0.011981
0.159828
-0.0221357
-0.0270137
0.0283535
-0.0732763
-0.0531925
-0.0211154
-0.00307905
-0.00988495
0.12225
0.0555196
0.0886236
0.0974465
0.0944519
0.0180414
-0.0235774
0.0438555
0.0475458
0.179052
0.0891673
0.0843333
0.0042698
0.0632893
0.0117887
-0.0135562
-0.0275266
0.00389735
-0.0317472
0.0702428
-0.0286606
0.0421445
0.0475854
-0.0718223
-0.00437916
0.106334
0.187078
0.16378
0.0181982
0.109284
0.0464821
-0.00862206
0.058936
0.0323139
0.031148
0.0630974
0.0406484
-0.0499207
0.0169793
0.0229734
0.0567996
-0.0340441
-0.00637432
0.162555
-0.0131833
0.0393021
0.0178347
0.0110491
-0.0571824
-0.0194295
0.0379233
0.105234
-0.0418124
0.067055
0.0348454
-0.033461
0.0464222
-0.0894601
0.0421433
0.10699
0.0473734
0.0827953
0.0425707
-0.0749708
-0.0681818
-0.0299796
-0.028405
-0.021322
0.275461
0.0157314
0.00509546
0.00324718
0.0736092
0.0382613
0.0437764
0.0287228
-0.0670951
0.0179341
0.0604589
0.052432
-0.0210896
-0.00646712
0.000582303
0.0640015
-0.0172
-0.00940292
-0.0581729
-0.0222264
0.0275019
-0.0165218
-0.0395906
-0.00709063
-0.00692193
-0.106525
0.0544379
-0.00867157
0.15184
0.0496559
0.0106614
0.144182
0.148724
0.0692194
0.0545968
-0.00883951
0.0173136
0.00267143
0.0335075
-0.0749689
-0.0198584
0.116183
0.0226539
0.00140958
-0.0243773
-0.0223216
-0.0769324
-0.0207568
