0.337036
0.0865234
0.212361
0.0681052
-0.331519
-0.0412344
0.21169
0.881952
0.0460582
0.264664
0.626868
0.0572357
0.129254
0.132521
0.0321793
0.261907
-0.435822
-0.0117532
0.0805141
-0.0651447
0.0372409
0.117398
0.0577038
-0.0204687
0.520586
0.188291
0.204928
0.0475621
0.0877617
0.0442078
-0.0831659
-0.34847
0.102515
0.0373103
0.297773
0.0419477
0.15493
-0.91745
0.0842245
0.0742587
0.313788
0.163917
-0.0257995
0.163962
0.272879
0.0880533
0.134066
-0.0871038
0.0961943
-0.337119
-0.728355
0.0210647
-0.462624
-0.201179
-0.565042
-0.0122079
0.242777
0.139557
0.00607913
-0.0578358
-0.186636
0.0523943
0.158732
0.169035
0.179789
-0.0672411
0.885879
0.354025
-0.0264567
-0.113874
-0.0302595
-0.0803229
1.13868
-0.00728991
0.310597
-0.357891
0.21434
0.128215
0.265457
0.229237
-0.219665
-0.319491
-0.104501
0.0468767
0.0645367
0.00135059
0.270544
0.279996
0.481356
0.087536
0.176329
0.152658
0.108805
-0.00865311
0.105359
-0.057639
0.215266
-0.00193933
0.197672
0.0326646
0.16042
0.0484665
0.174832
0.570144
-0.129718
-0.174148
0.197062
-0.306895
-0.228511
0.00624849
0.208431
0.113738
0.214194
0.0521554
0.154359
0.141615
0.289608
0.167071
0.470321
0.32906
0.353862
0.207332
0.407402
0.284307
0.045398
0.0457733
0.0426058
0.0275286
0.158284
0.181339
0.459913
-0.52586
0.335267
-0.0377682
-0.453142
-0.266047
0.10101
0.111629
0.074059
0.138101
0.330292
0.135189
0.269223
0.160364
0.130893
-0.140605
-0.140331
0.0379203
0.341576
-0.516234
0.881096
0.0171511
0.245314
0.174318
0.138528
0.117944
0.47943
0.0904074
0.0108441
0.1281
0.213348
-0.518302
-0.130168
0.0700937
0.105691
0.236295
-0.0789467
0.239157
0.176609
0.173637
0.314408
0.298105
0.208614
0.0971269
0.273063
-0.176918
0.134077
0.0408438
-0.191775
-0.374737
-0.0647561
-0.0543513
-0.167889
0.0374167
0.0632748
0.399786
0.120721
0.224558
0.0132294
0.167627
0.169071
0.106566
-0.0714304
0.26971
0.0361529
0.0143422
0.0598608
-0.212531
0.1848
-0.0944384
0.134516
0.166788
-0.0158052
0.129254
0.0284993
0.214167
-0.373391
-0.348516
0.177922
0.054743
0.0788142
0.250166
-0.0900356
0.00947636
0.213735
-0.0803466
-0.09029
-0.37026
0.016432
0.124301
0.0504411
0.249893
-0.0579889
0.471545
-0.0538892
0.0368897
-0.0506432
-0.476834
0.0301704
-0.0326944
-0.0158351
-0.282136
-0.0405708
0.175668
0.195564
0.125561
0.0782765
-0.0483266
-0.110982
0.210834
-0.101541
-0.121816
0.00831888
0.176964
0.143321
-0.149023
-0.0207816
0.116379
0.0153048
-0.68241
-0.0902166
-0.0345713
-0.0181754
-0.0730624
-0.405684
-0.405655
-0.270671
0.0754549
-0.205932
0.215243
0.106182
0.200375
0.102106
-0.287145
-0.0677931
0.287464
0.100855
0.42001
0.102181
0.158408
0.219925
-0.0952849
0.0323972
0.150631
0.00746259
0.56026
-0.0365345
0.106684
-0.0763367
-0.12317
0.188355
0.20522
0.0860519
0.00608102
-0.00849803
-0.222222
0.301716
0.0297409
-0.0134652
-0.103871
-0.28404
0.00448209
0.0963243
0.10472
0.191774
0.142505
-0.407182
0.281888
0.0794564
0.17852
0.118023
0.237726
0.156723
-0.524073
0.256123
0.0864907
-0.0437668
0.158803
-0.466434
-0.505354
0.0997441
0.160804
0.0874568
0.399103
0.0713511
0.32631
0.306695
-0.0255343
0.15382
0.560229
0.00899224
-0.0211126
0.19126
0.123098
0.232947
0.0227939
0.116843
-0.116616
0.127603
0.141381
0.32651
0.110696
0.243969
0.23346
0.134709
0.0968479
0.101854
0.286466
-0.804946
0.147034
0.148471
0.38716
-0.0543295
0.0170732
0.00176251
-0.0123082
-0.0104045
-0.30842
0.0342469
0.192803
0.185685
0.227284
0.224384
0.0171353
0.175498
-0.0217142
0.070107
0.143969
-0.27902
0.265121
0.05514
0.139845
-0.0364179
0.164044
0.0254746
0.370016
-0.0582598
-0.109982
-0.0784418
-0.33938
0.0116314
-0.0494293
0.0034044
0.366002
0.176492
0.217118
-0.157687
0.110915
0.00755693
-0.044833
-0.396146
-0.213869
0.344187
0.0584945
0.195794
0.158808
-0.0128032
0.0140602
-0.0269989
-0.116954
0.135438
0.0151095
0.0550971
-0.033783
-0.0784419
0.201334
0.0563826
0.548437
0.174283
-0.613291
0.100288
0.0686463
0.380086
-0.20714
-0.184938
-0.130274
-0.0438568
0.029029
-0.542676
-0.396147
-0.0128032
0.383721
0.0472717
0.690954
-0.0358952
0.0353335
0.0257622
0.0131174
0.0264722
0.0389239
0.110894
0.220212
0.220646
-0.246902
0.195834
0.0126279
0.193509
0.315579
0.114586
0.338183
-0.0286436
0.163154
-0.0118731
-0.042309
0.0120393
0.315193
0.207805
0.110204
0.00209708
0.316647
-0.0118497
0.286944
0.170816
0.141505
0.295009
0.53338
0.0690796
-0.000316001
0.106108
0.0876182
0.229236
0.0830186
0.204916
0.387248
-0.0148115
0.113223
0.302801
0.19704
0.43803
0.298877
0.068841
0.187505
0.363055
0.0245211
-0.145338
-0.309282
0.08
0.0407296
0.201938
0.12028
0.461815
0.0209902
0.116932
0.142583
-0.591202
-0.0962222
0.272576
-0.003329
0.00576694
-0.00681728
0.0631277
-0.0445158
-0.0123458
0.611349
0.266181
0.11555
0.257062
0.18261
0.0561201
-0.222612
0.166848
-0.0842321
-0.00912817
-0.502306
-0.474412
-0.234247
0.229946
0.27565
-0.392804
0.159031
-0.0514551
0.134278
-0.0681919
0.0639263
0.0872617
-0.0549366
0.129458
0.341116
0.342643
0.101594
0.148511
0.106347
0.493879
0.132388
0.0851946
0.0245909
0.130866
-0.0749521
-0.0623027
0.107611
0.326019
0.720078
0.0323846
-0.000617431
0.197242
0.401603
0.274516
-0.0781468
0.159744
0.346512
0.203372
0.0279577
0.196352
0.0984279
0.333571
0.0630291
0.0222732
0.531333
0.338397
0.200526
-0.0987542
-0.0467179
0.139338
0.152007
0.139323
0.147709
0.0256128
0.0338378
0.0616429
-0.00115553
0.155087
0.0333347
0.210626
0.777255
0.005575
0.326407
0.231817
-0.0254081
0.42635
0.177703
0.130802
0.132943
0.386354
0.132007
-0.0916929
-0.0859195
0.422024
0.208713
-0.061331
-0.0152284
-0.108447
0.148368
0.152696
0.141443
-0.0345396
0.00280977
0.0973123
-0.241998
-0.0437108
0.0887706
0.213797
-0.39829
-0.0950754
0.225263
0.320936
0.427766
-0.383367
-0.739578
-0.0521942
0.0183342
0.255696
0.0890317
-0.614043
-0.250513
0.0972912
-0.147662
0.232129
0.164242
0.0776673
-0.273962
-0.106886
-0.0895858
-0.345002
-0.625799
0.149034
0.248642
0.333291
0.20269
0.142334
-0.108057
0.700829
0.248391
0.279473
0.267134
-0.011551
0.140417
-0.144805
0.349385
0.516998
0.3277
-0.385588
-0.0455562
0.0956447
0.753907
0.391676
-0.883978
-0.797335
0.175944
-0.0708552
-0.597616
0.0454383
0.0949302
0.0160528
0.286042
0.0450385
-0.121285
-0.0646575
0.160227
0.235151
0.0356759
0.118017
0.0673245
0.113095
0.0426574
0.0891314
-0.238541
0.156064
-0.655828
0.0996533
-0.0318883
-0.274771
0.00686493
0.214725
0.0968649
0.208187
0.0598346
-0.0158302
0.0127043
0.112538
0.188633
0.262294
0.10397
-0.173202
-0.0974081
0.184359
0.149356
0.0165113
0.402087
0.0769381
0.0571055
-0.0708745
-0.749628
-0.239054
-0.693693
-0.0748241
0.0591991
0.314478
0.694555
0.504287
0.164736
0.133583
0.421471
0.0619351
0.109516
0.29115
0.152215
0.0997954
-0.199782
-0.542495
0.0075265
0.0833038
0.0105093
0.19319
0.0933201
0.303466
-0.281125
-0.0709458
0.148998
0.172969
0.048986
-0.0614391
0.0845457
-0.175651
0.0144631
0.195004
0.0467717
0.202769
0.194778
0.152856
0.223749
0.0934123
-0.0785803
-0.0263263
-0.137414
0.0850103
0.15578
0.276864
0.0936531
-0.177717
0.0626066
0.140309
0.171927
0.247882
0.303716
0.298496
0.116571
0.0817942
-0.0216491
-0.0198661
0.118898
0.130731
0.148263
-0.0270286
0.145751
0.0494282
0.0446166
0.00876474
0.119651
0.214243
-0.282285
-0.0245555
0.0935553
-0.0614684
0.140397
0.303561
-0.000845404
0.155703
0.106303
-0.284343
-0.0280313
0.317248
0.293952
0.0134694
0.212956
0.185783
0.108632
0.180652
-0.0226561
0.0939052
-0.192439
-0.0655608
-0.308724
-0.120773
-0.224999
0.303118
-0.396534
-0.056553
-0.0677568
0.377204
0.133886
0.0204979
0.0816598
0.189399
0.154312
0.109094
-0.0384397
0.0989491
-0.0545833
0.172689
0.149436
0.197328
-0.659267
-0.22674
-0.595016
-0.0596091
0.16543
0.203187
0.0960585
0.0645948
0.15066
0.476583
-0.0927586
-0.32215
-0.101311
-0.329906
-0.166758
0.235167
-0.0319232
0.483786
-0.338954
0.0706586
0.228249
0.192716
0.463148
-0.310989
-0.25033
-0.23763
-0.559005
0.331212
0.0517073
0.202321
-0.0994336
0.110523
-0.00454068
0.132702
0.141907
0.215523
0.22919
0.171936
-0.367883
0.155078
0.0986092
0.33693
0.0976264
0.189623
-0.252548
-0.523098
-0.499358
-0.0178878
0.812896
-0.328999
0.25935
0.109149
0.14609
0.203725
0.121289
-0.0810114
0.0440504
0.0722163
0.141524
0.229747
0.243128
0.087121
0.000671635
0.317288
0.25852
0.169072
0.204978
0.0695509
0.125124
0.131454
0.0654772
0.0790422
0.12851
0.094764
-0.0598362
0.0391949
0.0263997
-0.0945026
0.0505077
0.170929
-0.16056
0.0360572
0.0130974
0.216045
-0.299185
0.0868889
0.185606
0.232884
0.199349
0.297393
0.16801
0.429681
-0.0484627
-0.498557
0.0213896
0.239063
0.204912
0.252397
0.0664004
-0.375356
0.0536125
0.0962482
-0.182961
0.105471
0.194195
0.110646
0.092587
-0.0836597
-0.0156881
-0.152169
0.145152
-0.745339
0.232543
-0.151692
-0.0971648
-0.757401
-0.759424
0.164231
0.12908
0.182862
-0.171641
-0.0108566
-0.0512689
-0.0065804
-0.164926
0.0582405
-0.1092
0.0394081
0.035895
-0.0592642
-0.680792
0.126967
0.369099
0.61873
0.327655
0.276987
0.199464
0.443143
0.172975
0.222511
-0.320407
-0.104584
0.175969
0.172125
-0.183458
0.0527624
0.113672
-0.166617
-0.11275
-0.117825
-0.308515
0.292405
-0.0442876
0.173279
-0.407988
0.0899663
0.449186
0.188189
-0.0392226
0.138483
0.285911
0.3916
0.414154
0.0469921
-0.304905
-0.149401
0.132282
0.39125
-0.149023
0.0968933
-0.158325
-0.582853
-0.102758
0.404487
0.0618304
0.144172
-0.504207
0.0687731
0.286926
0.103481
0.0100541
0.0270683
-0.0809891
-0.0816197
-0.333741
-0.159187
-0.452157
0.351697
-0.0260178
0.134278
0.107803
0.248013
0.397408
0.27382
0.224207
0.0528816
-0.0871931
-0.299817
-0.0785269
0.0889628
0.247587
0.864399
0.457836
0.170518
-0.497599
0.242984
0.0938783
0.0249622
0.264439
-0.0499995
0.388121
0.470139
0.190495
-0.046075
0.343524
0.40911
0.446814
-0.137738
-0.04557
0.0708686
0.267056
0.322201
-0.381474
-0.416363
0.162395
0.120035
0.739265
0.488196
0.319025
0.62337
-0.0914308
-0.0117103
-0.285826
0.25128
-0.341885
-0.37767
-0.426517
0.0549025
0.2252
0.124566
0.0319562
-0.0299406
-0.189423
0.342667
-0.110077
0.349035
0.523096
0.243027
-0.289319
0.0145077
-0.0365207
0.0478673
-0.156728
-0.0133786
-0.503277
-0.0455261
-0.00747248
-0.385255
-0.0451576
0.0900278
-0.113455
-0.450537
0.198443
0.259787
0.0846535
0.147873
-0.197231
-0.195125
-0.0301584
-0.12129
0.288612
-0.464378
0.0296509
0.0314107
0.075659
-0.49126
-0.0908086
-0.129124
-0.195122
-0.0151244
-0.128746
0.23437
-0.0276008
-0.14771
-0.280465
0.0618827
0.259217
0.137374
0.106657
0.114829
0.0124469
0.0162473
-0.0506578
-0.0299294
-0.917644
-0.116484
0.0192134
-0.192101
-0.489869
-0.124129
0.387002
0.514283
-0.180031
0.343671
0.159956
0.216117
0.132791
-0.0485964
0.02862
0.140871
0.158295
0.176662
-0.812235
0.129217
0.0102153
0.268406
-0.0359411
0.164416
-0.117188
0.328098
0.0293104
0.177682
0.260578
0.212216
0.430951
-0.0606707
-0.0663463
-0.167459
0.364103
0.344053
0.316694
-0.0249522
0.3333
0.321245
-0.261384
0.110966
-0.109498
0.0885235
0.107948
0.293106
-0.00220754
0.319183
0.292798
0.205779
-0.053916
0.0213863
0.0459682
-0.0353308
-0.090983
0.230097
0.0793108
0.243079
0.039121
0.353223
0.264337
0.24324
0.0669429
0.527775
-0.0483382
6.88512e-05
-0.299797
0.0256425
-0.192273
-0.34481
-0.0346995
-0.191347
-0.158169
-0.0522749
-0.409995
0.454819
0.0803478
0.215085
-0.306631
0.234068
0.0629735
-0.106668
-0.493778
0.0731839
0.00646553
0.0590243
0.163481
-0.116812
0.0737605
-0.00414456
0.0841503
-0.331267
-0.166456
-0.0749134
-0.0490598
0.207719
-0.0169809
0.426567
-0.0614495
0.356615
0.0148911
-0.659228
-0.0393146
0.170229
0.240699
0.226247
0.0304088
-0.18185
0.288933
0.240756
0.163342
0.0856647
0.0560804
0.13373
-0.105247
0.0175529
0.112504
0.160883
-0.0395952
0.137867
0.168805
0.183693
0.0818545
0.0874228
0.171954
0.217755
-0.159025
-0.109018
-0.055831
0.125973
-0.222495
-0.139413
0.0176399
-0.0222518
-0.140249
0.0851979
0.0925889
0.150209
0.0594057
0.0910971
0.228318
-0.323792
-0.39616
-0.154225
-0.0359975
0.0893315
-0.012098
-0.00203934
-0.0111517
-0.128376
-0.316754
0.0432619
-0.195193
-0.062014
-0.179428
0.189734
0.346085
0.369383
0.287358
1.20854
0.154868
-0.168898
-0.105285
0.185697
0.035872
0.0913751
0.0866261
0.234642
0.164432
0.0763197
0.0486956
-0.0521479
-0.112654
-0.0974757
-0.193243
0.0435834
-0.114553
-0.019645
-0.0391729
0.131562
0.106929
0.187422
0.150482
0.189272
0.135691
0.231526
0.143267
0.159995
0.0802223
0.0949176
-0.116813
0.296046
0.224161
0.0754102
0.108057
0.0588067
-0.0659911
-0.00120376
0.129885
-0.0636213
0.117953
0.395966
0.817295
0.228689
0.363369
0.205759
0.0135196
0.050293
0.105488
-0.0116075
0.139501
0.334522
-0.000750487
-0.0760145
0.0408897
-0.251319
-0.82838
-0.314407
0.0469547
-0.28036
0.344647
0.0678084
0.201782
0.177155
0.198777
0.0496448
0.213806
0.280997
0.233446
-0.422449
0.201899
-0.0161764
0.392551
0.0125482
0.0911133
0.024026
-0.0845017
-0.0104921
-0.213181
-0.18024
0.152007
-0.809162
0.261301
0.279283
0.145136
0.303065
0.259266
0.426343
0.162422
0.109097
0.150682
0.260076
0.0960044
0.0439995
-0.142812
0.111095
-0.322335
0.216176
-0.0116574
-0.581467
-0.540362
0.0196947
-0.648073
0.0196834
-0.161005
-0.0381473
0.175084
0.0252741
-0.11782
0.081289
0.139077
-0.00792252
0.146173
0.328868
0.026386
0.156078
0.288928
0.359999
-0.381926
0.136717
-0.231964
0.0111006
-0.752794
-0.0584886
-0.0961304
-0.0637225
0.120973
-0.01801
0.255611
-0.190331
0.0192246
0.831536
0.156571
0.00789255
-0.107684
-0.0807947
0.0124807
-1.05396
0.289123
-0.397107
-0.203711
0.785209
-0.146347
0.364382
-0.129292
0.0907933
0.0382262
0.137831
0.181797
0.335835
0.213554
0.342688
-0.34574
-0.0773297
-0.110944
-0.98096
-0.039663
-0.0407259
0.0473209
-0.0157206
0.0131639
0.219004
0.123642
0.00286203
0.106193
-0.0889912
0.195222
0.0652261
0.0757532
-0.602387
-0.558281
0.297677
0.184717
0.09923
-0.650818
-0.685901
0.289474
0.0145853
0.0396166
0.122225
-0.063995
-0.11556
0.082464
0.203977
0.155272
-0.0382056
-0.222998
0.184985
0.0737793
0.211945
0.139726
0.129368
0.0935137
0.283665
0.0840324
0.425031
0.159225
0.115997
-0.190133
0.431371
0.176852
0.424932
0.258543
0.537737
-0.479571
0.152264
-0.684397
0.0462786
0.455889
0.372754
0.374732
-0.131417
0.25094
0.0497152
0.152333
0.0729329
0.350429
0.189105
0.188798
0.00800367
-0.0339045
0.0657848
-0.6602
0.0914502
0.0347896
0.0271956
0.0431087
0.0797209
-0.709187
0.110283
-0.186452
0.108983
0.0462193
0.164022
0.205393
-0.015993
0.152307
0.263158
0.529645
0.0758896
0.153903
0.0873236
-0.0225925
0.12098
-0.0379882
0.22847
0.22387
0.291356
-0.162564
-0.164495
-0.0920911
-0.0470856
0.0412827
-0.608731
-0.0448678
0.145663
0.260539
-0.392264
0.180919
0.593803
0.290389
0.094301
0.0205912
0.408811
0.176176
-0.71343
-0.0235176
0.101599
-0.202216
0.0190748
-0.0258197
-0.0988075
0.198379
0.0728468
-0.0355634
0.0591512
0.0876971
-0.00241256
0.0430159
-0.0188072
0.0306428
0.191491
0.0601149
-0.0524379
-0.1636
0.103087
-0.221638
0.101856
0.117679
-0.0650171
-0.0439027
-0.144782
-0.0794127
0.0428194
0.310147
0.447765
-0.00651481
0.199047
0.0388474
0.186304
-0.0965852
0.192752
0.167061
-0.00747248
0.00406802
0.0882385
0.0313959
0.0421914
0.205353
0.0420605
0.124915
-0.0193514
0.143682
0.21134
0.116189
0.294467
-0.118966
-0.00952854
0.0731795
-0.0208145
0.263732
-0.0410558
-0.157348
-0.0564688
0.028578
-0.0368055
-0.0892547
0.0685015
0.298375
-0.538683
0.088512
-0.0579136
-0.0392961
0.0290502
0.12266
0.206357
-0.161207
-0.178273
0.0969137
0.0166588
0.363082
0.136426
0.215496
-0.0753948
0.105346
0.0882444
0.0281994
0.0654025
-0.178312
-0.246896
0.0155885
-0.0789851
0.182163
-0.0205389
0.109956
0.0950725
0.0530174
-0.562856
-0.341205
0.157479
-0.0352924
0.0368968
-0.0496066
0.34653
0.267266
0.26623
0.769175
0.484657
-0.201689
0.193096
0.110804
0.150721
0.278519
0.395962
0.377933
0.433003
0.119312
0.233186
0.173531
0.243015
0.344063
0.201728
-0.321271
0.245
0.471238
0.0789357
-0.599385
-0.0758399
0.0735269
-0.0825663
0.0443389
0.0629025
0.231913
-0.0375567
0.370461
0.849975
0.107993
0.228661
0.182096
-0.0727138
0.212303
-0.255406
0.319113
0.234981
0.251581
1.03824
-0.227848
-0.181921
0.19094
0.408531
0.0536773
0.214578
0.134456
0.254833
0.118784
0.205993
0.013688
-0.26523
0.182555
0.0652599
0.233369
0.182179
0.36286
0.509518
-0.0618572
0.454463
0.126283
-0.170158
0.0297658
0.145364
0.0665667
-0.267879
0.00655391
0.344613
0.482825
0.0624005
-0.0800752
0.914956
-0.637144
0.0586247
0.097891
-0.196875
0.278609
0.0259024
-0.0713527
-0.536935
0.0760309
-0.755906
0.734985
0.408513
-0.414064
0.131775
0.812565
0.0481219
0.10028
0.410411
0.223815
-0.67495
0.0556212
0.253937
-0.267172
0.209656
0.123617
0.0200039
0.0303491
-0.57852
0.176241
0.368586
0.0332987
0.303465
-0.0353535
-0.0238917
-0.0654807
0.228381
0.1063
0.894869
0.14407
0.179793
0.245943
0.644904
0.364068
0.200035
0.0189648
0.230546
0.13382
0.01112
-0.357303
-0.168936
-0.028072
-0.00230228
-0.193808
0.14166
0.103274
-0.00402943
-0.260372
0.0891078
0.187842
0.371439
0.179057
0.0820405
0.172702
-0.506944
-0.0646335
0.50908
0.133962
0.37128
0.0381984
-0.0316929
0.00910348
0.279066
-0.772039
-0.804394
0.0998612
0.278462
-0.204343
-0.468735
0.0593649
-0.0957445
0.182118
0.0146684
0.195277
0.0272364
0.130169
0.180599
0.194798
0.214007
0.286988
0.434067
-0.0293888
0.376866
0.162441
0.293979
0.100758
-0.00661761
-0.284971
0.0721708
0.354843
0.23
-0.0679713
0.146861
0.156012
-0.0621536
-0.223871
0.0735896
0.11173
0.0943587
0.110169
0.268878
-0.0104574
-0.102358
0.0706326
0.114105
-0.0485654
0.0348636
0.338798
0.0936369
0.044953
0.340017
0.366695
0.0809032
0.111224
-0.0627196
0.0971088
1.43936
0.137638
0.0655266
0.0531524
0.121006
0.0988518
0.0548772
-0.168267
0.0522385
-0.079942
0.150454
0.228649
0.124536
0.0709316
0.0334401
-0.335959
0.565546
0.339947
0.0934416
0.36037
0.257004
-0.0597229
0.426993
0.17085
0.316013
-0.59305
0.181052
-0.0484124
0.0270683
0.0118283
0.0030967
0.0428876
-0.0923363
0.0519919
0.20498
0.571731
-0.0789359
0.0604783
0.144104
0.453572
-0.186902
-0.0210578
0.114763
-0.0587743
-0.206555
-0.0293802
-0.00450882
0.0307488
0.11955
0.00039722
0.116212
-0.00385442
0.255526
0.0187784
0.120059
-0.0167266
0.150708
0.144845
0.189931
0.00364001
0.0778558
0.108037
-0.0119444
0.154909
0.12283
0.0352396
0.341356
0.0755417
0.336228
0.751896
0.303594
0.0417189
-0.0232832
-0.18961
-0.0636939
0.251496
0.428369
0.0210524
0.15006
0.131788
0.273485
0.314031
0.365096
-0.187866
-0.0283796
0.140425
0.0730557
-0.0665516
0.0431274
-0.159895
0.121962
-0.24199
0.0667895
-0.300007
-0.0387668
-0.058366
-0.0744459
-0.0153323
-0.127209
0.136213
0.446115
0.061681
0.25507
0.123687
0.238694
-0.0884261
0.227207
0.0621877
0.252677
0.189504
0.355985
0.44979
1.08076
-0.643724
-0.201892
-0.067166
0.106587
-0.0819122
-0.012813
-0.0417511
0.0700523
0.0220319
-0.0478473
-0.103928
0.017523
0.125569
0.117823
0.186759
0.0714594
0.2622
0.274556
0.0818247
0.0357373
0.233058
0.19662
0.303094
-0.675236
-0.0486524
-0.500779
-0.404916
-0.0830566
0.229419
0.328098
0.170892
0.184576
0.147164
-0.113855
-0.059331
0.0829921
1.26566
0.389255
0.287841
-0.00878514
0.107227
0.231597
0.0468574
0.176425
0.0232079
-0.14187
0.0439407
0.0908949
0.472002
0.243764
0.424027
0.231522
-0.077203
0.402725
0.052005
0.167825
-0.555014
-0.450592
-0.50994
0.117927
0.452544
0.148303
-0.0751495
0.387506
0.0453068
0.145439
0.00923269
-0.232061
-0.0766025
-0.216972
-0.170354
0.196788
-0.14313
-0.168569
0.310315
0.321578
-0.185946
0.198969
-0.0389
0.0338948
-0.130486
0.145203
-0.685815
0.389736
0.0830751
0.0914703
0.196581
0.236005
0.0308864
0.782204
0.148646
0.112521
0.215127
0.15161
0.176874
-0.275909
-0.323532
-0.00347448
0.0182873
0.0372091
0.202061
0.0973167
0.361219
-0.385919
0.0467773
-0.741228
-0.185408
0.145136
0.490928
0.148828
0.0989219
-0.0186711
0.0882172
0.0471542
0.114803
-0.11921
0.211494
0.0561761
0.157785
-0.0890773
0.288528
0.19572
0.0762098
0.0379517
0.0728487
0.161433
-0.426485
0.118065
0.144574
-0.337221
-0.334646
0.322924
0.016112
0.129927
0.0110161
0.205665
0.15646
-0.015664
-0.177211
0.112263
0.143154
0.225829
-0.011332
0.305413
0.632311
0.354222
-0.191188
-0.489305
0.0989272
0.0433777
-0.369673
0.226416
0.30157
0.106128
-0.0729858
-0.0742458
-0.0963856
0.175862
0.170825
0.215111
-0.056183
-0.0752443
-0.471284
-0.117309
-0.167751
-0.0538892
0.16167
0.311849
-0.155771
0.336213
-0.228446
0.246006
0.116009
0.12338
-0.428445
0.266377
-0.109483
-0.000106793
0.100885
0.37009
0.339446
0.402742
0.180255
0.220371
0.0804273
0.0102946
0.176414
0.279768
0.123927
-0.0589853
0.505667
-0.00291408
-0.124668
-0.034134
0.161913
0.249165
-0.734945
-0.184173
-1.03152
0.326688
0.140326
0.220178
0.172006
0.0987616
-0.204944
-0.0989941
0.129953
0.670117
0.305861
0.250735
0.943736
0.471934
0.14201
0.0103549
-0.121192
-0.540173
-0.430522
0.266584
-0.334364
0.331444
0.0997799
-0.0981489
-0.0995512
0.263593
-0.00938769
0.0787751
0.0274736
-0.0366989
0.52956
0.329264
0.200677
0.249417
0.63541
-0.0480347
0.0634569
0.401377
0.320745
0.22304
-0.00346315
0.101673
0.0728567
0.084533
-0.136453
0.388163
0.184929
-0.0986021
-0.17659
0.00345458
-0.0597452
-0.345445
0.110432
0.527512
0.259233
0.114996
0.139363
0.105058
0.355372
0.0811826
-0.049325
-0.130895
0.198507
-0.161543
-0.123041
-0.168295
0.0805127
0.313058
0.23277
0.524836
0.0765201
0.0994106
-0.0516713
0.143014
-0.0388972
-0.244219
-0.0493838
0.232347
0.214572
0.495108
0.884348
0.250112
-0.650482
0.00722222
-0.173664
-0.127316
-0.0877533
-0.0379242
0.138231
0.199255
0.136998
0.172086
-0.147968
-0.094462
-0.02843
0.0703421
0.140139
0.0728807
-0.0391705
0.0340217
-0.0850064
-0.0580199
0.189159
0.206697
0.123888
0.128634
0.14274
0.221437
0.238294
-0.103265
0.10795
0.683629
0.211454
-0.257481
-0.157348
-0.127827
-0.0290841
0.0534183
0.00361706
-0.266475
-0.137198
0.0476476
-0.0947044
0.268777
-0.21855
0.20378
-0.545492
0.0394377
0.0126386
0.236463
0.0480276
-0.0282555
0.00217471
0.277235
0.0792495
0.328186
0.186454
-0.42989
0.165722
0.304546
0.262705
0.409666
0.103633
0.192662
-0.447053
0.14118
-0.128282
0.0368969
-0.00521904
0.0258776
0.130876
0.0179715
0.106808
-0.0271707
0.016859
0.0358652
0.0671399
0.38976
0.528837
0.887234
0.0171815
0.0326052
0.00141325
-0.0253182
-0.330281
0.150809
0.125678
-0.08634
-0.0712703
0.168783
-0.369115
-0.128941
-0.0541696
-0.226016
-0.0611902
-0.248236
-0.0700142
-0.361648
0.330735
-0.275271
0.143486
-0.0367206
-0.0854228
0.19529
0.427829
0.20446
-0.136106
-0.148117
0.00775363
0.0791133
0.0678668
0.323142
0.0197024
0.138198
-0.0331241
-0.697722
-0.0933305
-0.0343115
0.0723631
0.0782209
0.600818
0.029114
0.163057
0.13354
-0.0124382
0.224975
-0.0432619
-0.106877
-0.0176687
0.28938
-0.380511
0.127209
-0.0647858
0.317202
0.104478
-0.327463
0.0580196
0.279629
0.0544984
0.586026
-0.731155
-0.254533
0.191355
0.0848608
-0.029952
0.120178
0.264543
0.256781
-0.0505137
0.0158614
-0.172541
-0.19534
0.162777
0.333501
-0.366708
0.238335
-0.290132
-0.949235
-0.351262
-0.254453
-0.452115
0.0995137
0.0255771
0.0225917
-0.0659839
0.504817
0.601529
0.351313
0.313905
0.422052
-0.116225
-0.338952
-0.318686
-0.0263418
-0.124865
0.553403
0.0636711
-0.113082
-0.0142008
-0.0341364
0.221262
0.0895368
0.00516377
-0.0548784
-0.0905672
-0.067313
-0.0794279
-0.043917
-0.0113953
-0.00272586
0.14247
0.332708
0.216809
-0.071857
-0.161498
0.0138213
0.155696
0.277336
0.0473516
-0.603615
0.290555
-0.0671082
-0.211693
-0.397907
-0.519453
0.236125
-0.0110233
-0.184902
0.111016
0.201609
0.017197
0.0752535
-0.680117
0.156758
0.0774651
0.162687
0.305904
0.23607
0.00324518
-0.198351
-0.108702
-0.0883787
-0.170442
-0.775501
0.0785781
-0.0411175
-0.659992
-0.377549
-0.0346021
0.0158475
0.0564614
-0.180366
-0.187532
0.298208
0.138455
0.333633
0.283895
0.59186
0.697927
0.360176
-0.0621025
0.0407134
0.199149
0.105032
0.190048
0.234358
-0.303395
0.0270683
0.328154
0.150023
0.213491
0.766258
0.0508878
0.404923
0.229275
0.189104
0.254657
-0.458741
-0.104657
-0.16168
0.245722
-0.186538
0.267735
-0.295616
0.125469
0.240907
0.071025
0.300594
0.243873
0.0886886
0.0299729
0.116993
0.0632588
0.145163
-0.0692256
0.161231
0.0179742
0.248724
0.169821
0.194065
0.0281348
0.249751
0.149467
0.088338
-0.4539
-0.137441
0.227381
0.211099
0.140654
0.324753
0.0827895
0.0911108
-0.21634
0.216651
0.191121
-0.170672
0.0572548
-0.202315
0.529046
0.291189
0.159171
0.302915
0.00603691
0.0504092
-0.0148807
0.036692
0.146463
0.429438
0.0429042
-0.161032
-0.052961
0.0355808
-0.111429
0.00970207
0.0331935
-0.141414
0.181727
0.159495
0.261006
-0.264018
-0.1589
-0.146612
-0.289853
-0.311597
0.545623
-0.0765251
-0.0636573
0.0524133
0.0704115
0.121732
0.480621
0.211962
0.636243
0.116528
0.022079
-0.0485223
0.293688
-0.0595369
0.745876
0.0888755
0.259856
0.0144058
0.0599765
-0.133084
0.297199
0.194074
0.233796
-0.453273
-0.295296
-0.165347
-0.177947
-0.10763
0.0613022
0.150177
0.120914
-0.397547
0.378415
0.0312645
0.338705
0.0217454
0.0767976
-0.0210787
-0.0982927
0.0115165
0.0515262
0.00587901
0.0374339
-0.058332
-0.595877
-0.082349
0.134363
0.00438959
0.767926
-0.0998569
0.222444
0.41022
0.689499
-0.169899
-0.256796
-0.515671
-0.192313
0.0290836
0.0268459
0.053207
0.244774
0.0513369
0.396391
-0.0856803
-0.236941
0.106665
-0.0518597
-0.091031
-0.071154
0.1594
0.0162896
-0.0339911
-0.14722
-0.0511929
0.0306725
-0.383715
0.000626868
-0.063939
-0.229883
-0.242772
0.0659807
0.0881223
0.149695
0.0298976
-0.435402
0.0270683
-0.011216
-0.00318629
0.973259
-0.0240842
0.782645
0.12269
0.320428
0.162711
-0.176671
-0.0668682
0.0964674
-0.125377
0.415133
-0.323908
-0.0244475
-0.241787
-0.0227206
-0.224884
-0.450962
-0.200846
0.225051
0.418184
-0.122834
0.432483
0.111671
0.457542
0.0633411
0.215216
0.355098
0.0274639
0.115021
-0.245833
0.0803499
0.0246247
0.260094
0.116516
-0.152087
-0.130983
-0.694531
-0.632607
-0.17466
0.170803
-0.655506
0.0866141
-0.429621
0.0580348
-0.00348027
0.0234913
0.120429
0.192893
0.294525
0.266595
0.268169
-0.0824919
0.0789814
0.22571
0.277549
0.0637341
-0.0113891
-0.0230245
0.233052
0.142452
0.223534
0.451123
0.172787
0.431148
0.223695
0.150964
0.052682
0.100397
0.00209476
-0.0261184
0.20815
0.166079
-0.041345
0.0936434
-0.011351
0.141765
-0.148312
0.0230491
0.0807033
0.152186
0.278314
0.0559421
-0.0251552
0.10625
0.192755
0.102695
-0.032129
-0.437701
0.103837
-0.45501
0.0539578
0.022397
0.102996
-0.0448745
0.0730368
0.0601309
-0.0569521
-0.337418
0.0691401
0.363473
0.331268
0.291949
0.191736
0.134103
0.22158
0.247275
0.414148
0.0281835
-0.0136939
0.228553
0.0925214
0.044493
-0.0971381
0.225026
0.163583
0.258331
0.0759292
0.221712
-0.311139
-0.622609
0.349818
0.184163
0.0963874
-0.556461
0.094476
0.214664
0.118223
0.190677
-0.258318
0.0667033
0.114621
-0.137646
-0.00995953
-0.167087
-0.0914647
-0.0033271
-0.102287
0.259374
0.219983
0.318691
0.0118283
0.0281493
-0.181611
0.195113
0.0464562
-0.657683
-0.0676458
0.0497984
0.280261
0.325281
0.00230775
0.502459
-0.384291
0.0443956
0.257158
-0.0721608
0.0859906
1.02905
0.0261604
0.0659925
-0.0139297
0.298765
0.0862002
0.176819
0.55624
-0.217437
0.14168
0.337518
0.373826
0.263158
0.234248
0.184892
0.137836
0.168853
-0.0233853
0.0291671
0.0282402
0.191705
0.169559
-0.137709
-0.0486685
-0.0138347
0.307352
-0.0487066
-0.341687
0.30023
-0.604233
-0.497715
-0.27437
-0.00965448
-0.0319676
0.273899
0.424895
0.130697
0.149616
0.0192689
-0.0102959
0.18898
0.176399
0.986137
0.336462
0.312034
0.0119223
-0.148468
0.262147
0.0177647
-0.080986
0.0575787
-0.191023
0.226622
0.158864
0.130978
0.0378431
0.14769
0.450118
0.105733
0.247762
0.122044
0.413455
-0.0419025
-0.635057
-0.777703
-0.106686
0.089522
-0.376132
0.397522
0.1121
0.150244
0.0474876
0.206097
0.0557552
0.0600543
-0.574906
-0.116219
0.0631324
0.226709
0.0978047
-0.482143
-0.212559
0.483105
1.1044
0.211566
0.185332
0.211923
-0.147947
-0.150507
-0.0462356
-0.356998
0.0109372
0.132863
-0.28834
-0.142529
-0.0800776
0.0126306
-0.0612074
0.311825
0.0175969
0.173547
-0.193044
0.121513
-0.221708
0.0228859
0.0291521
-0.286913
0.0281254
0.00446221
0.336231
0.121851
0.1905
-0.498795
-0.433999
-0.0643522
0.0660632
0.28658
0.304466
0.388447
-0.00719489
-0.159276
0.181415
-0.0912854
0.168912
0.290657
-0.168938
0.268513
-0.0109512
0.336572
0.0401117
-0.00865061
0.612953
-0.608443
-0.0663533
0.154603
0.0443399
-0.0425676
-0.639306
-0.0717799
0.00587901
-0.119104
0.460241
0.462354
-0.795197
-0.170036
0.0925312
0.285511
-0.0783203
0.000659333
0.0135258
0.389815
0.113241
0.199222
0.0749158
0.635725
0.0100742
0.365366
0.0826593
-0.0866518
-0.167244
-0.202898
-0.0224691
0.0684029
0.17552
-0.152403
-0.0544185
0.0108833
0.0184576
0.162073
0.0455264
0.751569
-0.0400978
-0.350336
0.113803
0.517728
0.493702
-0.198589
0.189068
0.246491
0.111203
0.358402
0.247965
0.340636
0.14277
0.138734
0.145347
0.267094
0.210096
-0.076442
0.0480889
0.109212
-0.0147033
0.20687
-0.0112879
0.462529
0.0949872
0.234659
0.152315
0.157815
-0.279782
0.0356759
-0.0107392
0.216268
0.324619
0.491006
0.24676
-0.0743748
0.0679486
-0.232382
0.150121
0.153575
-0.383569
0.0789494
-0.55011
0.57893
0.476335
0.845937
0.226754
0.829595
0.746859
0.417131
0.592935
0.138643
0.146664
0.141319
0.186186
0.216661
0.155245
0.240154
0.770367
0.464247
0.348385
0.267989
0.123496
0.0117456
0.1934
0.0657767
0.109861
0.0140735
0.200166
0.247516
-0.392613
-0.277494
0.472035
0.347326
0.266968
0.211491
0.350624
0.387017
0.563175
0.594517
0.0576213
0.148166
0.167812
0.156295
0.181939
0.185543
0.147352
-0.0341013
0.021246
0.0711532
-0.0148401
0.228836
0.0727446
-0.876056
-0.162836
0.0490836
0.253274
0.0328206
-0.0576631
0.0274365
0.0782703
0.107009
-0.00895603
0.109834
0.69645
0.022399
0.104981
0.337823
0.200882
-0.288958
0.282291
-0.540093
0.12895
-0.0298324
0.16282
0.447761
0.122255
-0.0502945
0.252153
0.661419
-0.185789
0.176468
-0.126348
0.0686397
0.049174
-0.302818
-0.312298
0.251025
-0.198356
0.1352
0.193502
0.360225
0.0942948
-0.438932
-0.0159189
-0.0820661
0.0584623
0.207017
-0.204697
-0.307094
-0.00457748
0.107321
0.0681074
0.00560945
0.199011
0.0419829
0.0225977
0.671198
0.670165
0.293759
0.163785
0.276946
0.223229
-0.177596
-0.096179
-0.0666347
0.177486
-0.191847
0.0469426
0.207588
0.190517
0.187988
-0.15819
-0.168175
-0.0728266
1.49101
-0.298563
-0.601464
-0.590623
0.215562
0.0694196
0.0821877
0.0431576
-0.0100735
0.0657342
-0.0862682
0.434472
0.0924394
0.12082
0.128856
-0.08323
-0.261081
-0.137948
0.05553
-0.400321
-0.00995012
-0.0682595
0.277786
0.0607906
0.0693295
-0.0207774
0.422475
-0.0179315
0.182896
-0.0345496
-0.365897
0.0690114
-0.0707557
-0.135246
0.146986
0.093248
0.141029
0.103295
0.22928
-0.0349526
0.347298
-0.0229657
-0.630943
0.346991
0.111798
0.0720282
-0.0111468
0.876125
-0.0133861
0.204233
0.23475
0.0662838
-0.150581
-0.111491
0.241418
0.197161
0.10202
0.400992
0.41424
-0.539419
-0.0715817
0.0553849
-0.0752161
-0.0245036
-0.0694072
-0.196425
0.224895
-0.143537
-0.0222543
0.118483
0.122537
-0.665944
0.201086
-0.0725931
-0.0418926
-0.0885133
0.033468
0.189006
0.130674
0.154205
0.389512
0.274334
-0.411586
-0.474112
-0.17821
-0.3965
0.0504136
0.0433055
-0.0648627
0.150595
0.305725
-0.221273
-0.116742
0.169159
0.500948
0.209962
-0.0491968
-0.0538986
0.115591
0.0562378
0.246495
-0.0223676
-0.495154
-0.0681469
0.41868
0.344502
0.546932
-0.0750091
-0.0699869
0.0308523
0.206503
-0.069062
-0.326446
0.213945
-0.00517828
0.204221
0.113064
0.147213
0.217478
0.417728
-0.0689976
-0.127272
0.231627
0.130001
0.196441
-0.132693
-0.0316855
-0.481892
0.286743
0.808992
0.262058
0.204608
0.135173
-0.167523
0.189344
0.734134
0.216473
0.136904
0.162332
0.111079
0.2511
0.0783915
-0.198982
0.122223
0.155511
0.0552634
0.0912189
0.0636969
0.144792
-0.0308325
0.173559
0.153217
0.137222
-0.0951144
0.0456475
0.591233
0.219095
0.277066
0.201476
0.0312465
-0.770765
-0.027203
0.169819
0.315388
-0.124726
-0.180737
-0.170551
-0.0243727
-0.0448394
-0.272262
0.16554
-0.261152
0.124855
0.16256
0.0901422
0.11156
0.108782
0.0511593
0.263684
0.2278
0.287454
0.221372
-0.273324
0.137197
0.187744
-0.218777
0.0226015
-0.0584869
0.0125559
-0.653441
-0.303636
-0.333615
0.14709
0.013598
0.179379
0.01022
-0.0533328
-0.108906
-0.170875
-0.286259
0.0557674
0.111416
0.102522
0.0438014
0.202021
-0.147398
0.0005519
0.113575
0.208645
-0.0182624
0.462876
0.238429
0.074632
0.550884
0.602624
-0.210029
0.41531
0.214912
-0.0146452
-0.0927167
0.127814
0.121131
0.266127
0.0498267
0.0453419
-0.122167
0.272294
1.00233
0.396035
0.254429
-0.160438
-0.0147539
0.0694752
0.0460962
0.0456274
0.0652189
0.118443
-0.0228741
0.0238309
-0.148959
0.31742
-0.494043
-0.0209635
0.133779
0.164913
0.203612
0.144173
-0.164095
0.494287
0.299691
0.178976
-0.00230267
0.0554555
0.0360629
0.20723
0.813811
0.210634
0.279442
0.108293
-0.0246056
0.0278926
-0.191541
-0.0892578
-0.443189
0.357381
0.289972
0.444605
0.123683
0.16115
0.132298
1.35608
0.0685656
0.0843019
0.315915
0.0203404
-0.00626446
0.305094
-0.0757425
0.0728258
0.45426
-0.0213899
0.0923478
0.230168
-0.222919
0.118473
0.00596078
0.0035955
-0.447863
0.0948357
-0.00666782
-0.796272
0.0771674
-0.0351691
-0.059346
0.05064
-0.0915464
0.702597
-0.322145
-0.0931753
0.0277094
-0.0537865
0.0879511
-0.283001
0.0805213
0.155964
-0.0846165
0.293647
0.0636711
-0.177511
-0.0884555
-0.100963
-0.145204
-0.0737536
0.0553075
-0.230484
0.0454169
0.168649
0.137171
0.00912624
0.0163788
0.202415
0.21087
0.138565
0.164186
0.0394934
0.0880247
-0.0170874
0.00593299
0.0427463
0.0485728
0.0413586
0.264028
0.514958
0.140071
0.0326701
0.0171381
0.146714
-0.21108
-0.0569433
0.0440153
0.143103
-0.395993
0.0593718
-0.074689
0.132067
-0.160656
-0.00219708
0.0521527
-0.050886
-0.0296188
0.302047
0.424032
0.343683
0.0526435
0.0404024
0.00946141
0.223387
-0.0668973
0.214594
-0.381966
-0.00931315
-0.0737982
-0.179196
-0.865744
0.137833
-0.040194
0.0548833
0.078307
0.118219
-0.0113677
0.346088
0.229016
0.302699
0.115991
0.229255
-0.124276
0.161912
-0.417305
-0.0151293
-0.0892641
-0.0511126
-0.778121
0.384236
0.023315
0.0350279
0.461338
0.298853
0.0397735
0.422457
0.665993
0.439567
-0.193365
-0.219555
0.0769977
0.285847
0.119014
0.0807487
0.0110428
0.149497
0.158693
0.0823317
0.128903
0.947002
0.360661
-0.107693
0.211905
0.435037
-0.0384037
0.190593
0.220446
-0.179495
0.0517396
0.131126
0.132036
0.207252
0.119426
0.126689
0.101896
0.0851941
-0.178897
0.0067134
0.0802703
0.323758
0.313939
0.0191046
-1.07005
-0.00950147
0.342177
0.219725
0.107649
0.416789
-0.00900024
-0.179113
0.0628843
-0.995959
-1.0146
0.218954
-0.0617729
-0.26044
0.226513
0.0142822
-0.121245
0.00254329
0.0875217
0.193931
0.011707
-0.04204
0.0577918
0.0139427
-0.177445
-0.0511133
-0.169356
-0.0797728
0.0553036
-0.794719
-0.177691
-0.311595
0.127628
0.146194
-0.0344726
-0.0406834
-0.178021
0.130707
-0.0915213
-0.0144395
-0.0706565
0.130629
-0.0996167
0.091953
0.627788
0.410054
0.176627
0.250373
-0.0508773
0.0213718
-0.0312436
0.0191088
0.0637543
0.307289
0.0341163
-0.365624
-0.199146
0.076447
-0.11514
0.002644
0.156282
0.0421803
-0.0787533
0.135581
0.145323
0.157818
0.186853
0.280289
0.33708
0.06426
-0.0217489
0.0418864
0.21029
-0.0455888
0.267851
-0.0650605
0.443156
0.0474037
-0.00180783
0.148521
0.147586
0.167812
-0.0367854
0.260531
0.236773
0.236711
0.118781
0.363097
0.0401035
0.224392
-0.0458293
0.87021
0.402053
0.164353
0.0429693
-0.102242
0.0316544
0.116199
-0.447397
-0.0212845
0.0549911
0.305235
0.0461085
0.321885
-0.0415135
0.098694
-0.696568
-0.100107
-0.161048
0.0692415
0.187119
0.217182
0.0775823
0.229286
0.0722651
1.09732
1.03363
0.0861678
0.266284
0.185059
0.0820147
0.164309
-0.253965
-0.0756712
-5.92311e-05
-0.211944
-0.339246
-0.0724338
-0.0967272
0.244059
0.375112
0.0204979
0.267137
0.17469
-0.0113791
0.11686
0.0192147
0.150515
0.07723
-0.108073
0.454068
0.469694
-0.816953
0.159025
0.00560086
0.321566
0.0277739
0.541239
0.283943
0.221056
0.00627191
-0.114654
-0.477791
-0.57708
-0.100109
0.101125
0.203055
0.0827905
0.277576
-0.0526432
0.150852
-0.832887
-0.017259
-1.12188
-0.56789
-0.535345
0.104088
-0.0474745
-0.00229536
0.0234843
0.0861536
-0.174741
-0.0936478
0.046171
0.132924
0.101162
0.139088
0.319582
0.0852761
0.235011
-0.156979
-0.355518
0.185899
-0.245891
-0.202441
-0.0562983
0.161756
0.466628
-0.30258
-1.17608
-0.384705
0.038539
0.0563031
-0.136986
-0.0685656
0.512082
0.177138
0.27432
-0.0424811
0.0158666
-0.0164832
0.319378
-0.0603545
0.322163
0.201347
0.0429889
-0.184322
0.143569
0.173811
0.233532
-0.131799
0.0275764
0.0769918
0.323399
0.296666
-0.00914504
-0.351408
0.0976707
-0.0707216
-0.0481807
-0.0969552
0.0153258
-0.0350307
0.19737
-0.134691
0.112542
-0.2799
0.0357919
0.0437033
0.503389
-0.0353133
0.101163
-0.656378
-0.673434
0.404459
0.495834
0.0653779
0.0506847
-0.00572004
-0.0978704
-0.121125
-0.480691
0.0627736
0.168662
-0.0098738
0.0878312
0.0487772
0.0925277
0.059253
0.9349
0.511632
0.274001
0.196768
0.0712921
0.270269
0.369446
0.279665
-0.640385
-0.249337
0.64568
0.386943
-0.0470651
0.00825031
0.0156224
-0.590928
0.0286057
-0.155844
0.0785309
0.0129458
0.115331
-0.0364267
0.0348301
-0.291704
0.126099
-0.0348246
0.104196
-0.116709
-0.0772325
0.222269
0.293211
0.149431
0.00989421
0.529803
0.0129047
-0.258318
0.548171
0.171455
0.18373
0.155157
0.337357
0.278197
0.0671407
0.0825698
-0.221322
-0.199936
-0.0483242
-0.207118
0.0946776
-0.11104
-0.551734
0.318985
0.213445
0.190382
-0.534384
0.175993
0.0438282
-0.474856
-0.00418541
0.320393
-0.568239
0.165141
-0.0778758
-0.110835
-0.285756
-0.252772
-0.0930002
-0.595485
-0.670953
-0.183278
-0.102619
-0.141211
0.0567865
-0.143511
0.0459811
-0.0931142
0.37317
0.0142045
0.263591
-0.165753
-0.212789
-0.375175
-0.386318
-0.176432
0.0550612
0.00377819
0.105912
-0.43585
0.187507
-0.040842
0.378012
0.0958964
0.0297415
-0.0471338
0.0818313
-0.200095
-0.0837926
0.105226
0.581316
0.123129
-0.0607319
0.149075
0.563968
0.179407
0.112082
-0.285671
-0.00977
-0.0290041
0.14108
0.170071
0.0198836
0.100407
0.143602
-0.100635
0.341992
-0.162795
-0.0241908
-0.0605755
-0.0179239
0.0549637
0.230299
0.183358
0.0521534
0.208986
0.105534
-0.0638723
-0.174132
0.102078
0.103765
0.0642932
0.132003
-0.0695367
0.145695
-0.0604549
0.0242504
-0.876923
0.0637426
-0.0109664
0.544884
0.0443487
-0.645687
-0.0402357
-0.410609
0.190093
-0.209374
-0.0866397
-0.0535059
-0.0824745
-0.134218
-0.0404564
0.265967
-0.126276
-0.127254
0.00840156
0.0785124
0.289183
-0.0205919
0.32053
0.478241
0.401754
0.0999929
-0.031945
-0.0262213
-0.0857184
-0.0410783
-0.0577795
-0.123037
-0.0446606
-0.0532371
-0.0750053
0.010871
0.211931
0.228869
0.116438
-0.0730918
0.0406411
0.371705
-0.378852
-0.290985
0.160075
-0.0390143
-0.0843112
-0.356039
-0.0191527
-0.0796621
0.0224234
-0.110299
0.563745
0.502639
0.104788
0.451787
0.0996634
0.447032
0.0125104
0.118051
0.0552685
0.172748
0.220909
0.300151
0.140214
0.221097
-0.538875
-0.650456
-0.216701
0.160915
-0.00949404
-0.0855181
0.0908668
0.250889
0.0454831
0.2255
0.106869
0.0796323
-0.243566
0.315494
-0.160356
0.0169452
0.221224
-0.248844
-0.0393788
0.15424
0.114302
0.378589
0.256101
0.188203
0.078137
0.233564
-0.0173151
0.324612
0.281055
0.253527
0.141403
0.167743
0.106345
0.165482
-0.561726
-0.191144
0.0017059
-0.691436
0.171312
-0.0682672
-0.0932283
0.248093
0.160571
0.158677
0.0974292
0.326543
0.243405
0.0644898
-0.0575422
0.13612
-0.0385555
0.20316
-0.418722
0.766016
0.0325734
0.299339
0.0991911
0.32855
-0.0312137
0.0199175
-0.382136
-0.106777
-0.143299
-0.0782726
-0.13988
0.0285281
0.120311
0.232802
0.905445
-0.146653
-0.0611142
0.280706
0.105066
0.160198
0.00962333
0.272477
0.032623
0.223288
0.409505
0.296709
0.0488209
-0.585371
-0.0380798
-0.0891444
0.0547383
0.0285184
-0.0427777
0.205859
0.177532
0.425008
0.161699
-0.108313
-0.341181
0.194661
-0.0568237
0.292685
-0.0770029
0.0575313
-0.165548
-0.495221
-0.49932
-0.00680437
0.122452
0.107795
0.603973
-0.11412
-0.0743389
0.309946
1.19053
0.829202
-0.0474149
0.274614
0.0830635
0.218094
-0.235825
0.0967854
0.212349
0.38083
0.49072
0.257403
0.114361
0.246349
0.0652451
0.0596061
0.146504
0.148395
0.276677
0.244761
0.322946
0.58729
-0.554348
0.0290687
-0.216897
-0.0970782
0.177139
0.0575805
-0.205031
-0.0869381
-0.231653
0.0977985
0.0866788
-0.176956
0.337932
0.262051
-0.394295
-0.34002
-0.026376
-0.0997443
0.0980253
-0.564433
0.1684
0.344499
0.146936
0.666798
0.387053
-0.150274
-0.026796
0.682904
0.253443
0.154745
0.601432
0.00587901
-0.0326787
0.0804012
-0.424035
0.2407
0.233922
0.130457
0.227088
0.73085
-0.0412296
-0.0224171
-0.261638
0.13917
-0.00751631
0.239434
0.0640721
-0.204475
0.311572
0.222724
0.0884534
0.303442
0.212966
0.0449
-0.037196
0.361932
0.0331952
0.168755
0.0113832
-0.0680727
0.0356245
0.236756
0.420322
-0.365726
-0.115292
-0.2136
0.105429
-0.107127
0.435893
0.398287
-0.224327
0.243409
-0.0138125
0.1383
0.346594
-0.32113
-0.592301
-0.00025816
0.0327168
0.143346
-0.636777
-0.174816
-0.0313684
0.160905
-0.676603
0.206795
-0.580007
-0.0501658
-0.148406
-0.309879
0.0578887
0.268006
0.108735
0.0744912
-0.27914
0.029874
0.0728118
0.0511234
-0.0362764
0.336067
0.0568245
0.149206
0.300243
0.0906157
0.0756676
0.011891
-0.00878493
-0.297694
-0.0680946
-0.244681
-0.370407
0.247358
0.0970606
1.03294
0.00722451
0.00722736
-0.575207
0.0488543
0.147423
0.190359
0.0381963
0.408242
0.0781365
-0.508863
-0.682476
0.301806
-0.0706721
-0.0308438
0.163381
0.139655
0.128526
0.0562539
0.189544
0.17436
0.236102
-0.102553
0.136339
0.196423
0.137292
0.197844
0.178033
0.310685
0.198149
0.117019
0.143741
0.0352212
0.322407
0.244919
0.229781
0.318529
0.339219
-0.297044
0.0569253
0.0695262
0.158187
0.0811548
-0.206884
0.0750823
-0.0228012
0.160644
0.178471
0.162298
-0.151168
-0.0299399
0.272321
0.162139
0.12378
-0.307299
0.0595494
0.366566
0.16544
0.316123
-0.0349362
-0.147787
-0.386961
0.207097
0.550631
1.12607
0.267105
0.18266
-0.00145445
0.0649473
0.420337
0.171728
0.130942
0.337284
0.0828342
0.303818
-0.290962
0.317951
0.225464
0.265661
0.0299112
0.174737
-0.127834
-0.461224
0.167976
0.139715
-0.0580738
0.142848
0.291913
0.203676
-0.00982007
0.194093
-0.231616
0.137096
0.147434
0.145538
-0.199422
0.125747
-0.28627
0.121092
-0.0850464
0.185232
-0.0715522
0.146321
0.129348
0.538542
0.420312
0.472856
0.146503
-0.578921
-0.0385849
-0.0193891
0.127277
0.327991
0.177651
0.260569
0.206702
0.214425
-0.0262981
0.29505
0.0017159
-0.140515
-0.245037
-0.284745
0.201231
-0.038802
0.127863
0.243102
-0.0171933
0.0716211
-0.1354
-0.0293081
-0.0887654
-0.157657
0.0996048
0.14114
0.0981665
0.0820043
0.381642
0.316585
0.278316
0.272017
0.372553
-0.221198
0.0753688
0.41045
0.392483
0.516321
0.250238
0.295747
0.171121
0.054389
-0.280155
-0.00847989
-0.0726062
0.267885
-0.59996
-0.188934
0.219392
-0.635534
-0.188256
-0.11981
0.094764
0.954039
0.0597451
-0.0811977
-0.0825376
0.212576
0.210809
0.0342469
0.0882574
0.291473
0.0917
0.0382812
-0.0541296
0.0757105
0.236786
0.483218
-0.121214
-0.139672
0.227985
0.323028
0.0279779
-0.353188
-0.473567
0.34157
0.0870746
0.0210634
-0.0566977
0.142062
0.0585712
0.0162104
-0.571926
0.123008
-0.370106
0.119388
0.101274
-0.0525727
-0.0611456
-0.0381378
-0.0436899
-0.111484
-0.107063
0.0961188
-0.0594237
0.176093
0.0695968
-0.138473
0.379577
-0.0150416
0.0260425
0.102133
-0.041593
0.0541401
0.143362
-0.0498316
-0.0778578
0.112416
0.0340652
0.0752483
-0.305916
-0.0218163
-0.136489
-0.000444793
0.183098
0.414185
-0.0535348
0.266116
0.0133095
0.0660816
-0.855285
0.554461
0.759032
0.61516
0.302456
0.238812
0.0258493
0.482942
0.106604
0.156549
0.0645342
0.253117
0.33412
0.217852
0.366727
0.691945
0.109707
0.445772
0.169696
0.198286
-0.0237096
0.0971132
0.0806884
0.39403
0.285388
-0.0244204
0.219346
-0.020495
-0.0130559
0.35712
0.109485
0.304859
-0.474157
0.0664048
0.318687
-0.783029
-0.165348
0.546354
0.0659805
0.210201
-0.0791282
0.117948
-0.146858
0.178051
0.126488
0.286706
0.250946
0.219001
-0.325667
0.733306
0.580634
0.139949
0.0756252
0.0683457
0.215783
0.0599343
0.0876156
0.43251
0.155762
0.0319592
-0.224042
0.126786
0.134218
0.0365148
0.0644839
0.280589
-0.0180585
0.0908634
0.0737588
0.100829
0.30105
0.218347
0.217296
-0.0659641
0.107876
-0.0341364
0.0924344
0.280396
0.170337
0.30453
0.1223
-0.0184549
0.223266
-0.0071131
-0.0933441
0.2348
-0.303886
0.0236486
-0.00539988
0.445067
-0.00760576
-0.404928
0.0558824
0.561051
0.275642
0.697159
0.125419
0.29801
0.289723
0.187219
0.271672
-0.173584
0.386812
0.118334
0.275762
0.107095
0.0745787
0.112217
-0.0372123
-0.11438
0.0485459
0.355796
0.0380874
-0.698244
-0.0460181
0.0605781
0.161313
0.450682
-0.144686
0.0504411
0.103778
0.308987
-0.0545735
-0.031518
-0.782623
0.377381
0.230235
-0.0631224
0.0552334
0.200491
0.0529774
0.242699
-0.171526
-0.749795
0.118332
0.325431
-0.637787
0.0287611
-0.0990489
0.0975944
0.17524
-0.0782545
-0.0720909
-0.0136104
0.0437632
0.118862
-0.109107
-0.0149901
0.255086
-0.274617
-0.210713
0.200268
0.33336
-0.0155026
0.0834231
0.0496556
-0.0806747
-0.195468
-0.225894
-0.531451
0.118266
-0.0172456
-0.0701313
-0.0848424
0.243184
0.640222
0.249691
0.146248
-0.0452024
-0.0627589
0.147942
-0.0151418
-0.0806929
0.152818
0.0709906
0.194783
0.0120232
-0.0596535
-0.705011
0.150674
0.0433737
0.0137963
-0.218855
0.0404367
0.325458
0.0494899
0.124473
0.0851608
-0.231705
0.0391797
0.173973
0.405028
-0.333401
0.418411
0.0788432
-0.0641174
-0.376027
-0.188663
-0.110141
0.121849
0.149234
0.340815
0.0811497
-0.847373
0.209254
0.0312036
-0.610276
0.0755478
-0.00531198
0.24454
-0.0187435
0.259353
-0.0958644
-0.0642316
-0.698422
0.121847
-0.0787791
-0.0509974
0.0484665
-0.0893302
0.3277
0.645718
-0.266928
0.286069
0.323072
0.244824
0.279878
-0.169803
-0.0739364
0.178898
0.103544
0.0957339
-0.166652
0.126761
-0.200893
0.21618
-0.175505
0.231902
-0.0449371
0.193964
-0.10506
0.0553377
-0.290567
-0.0424677
-0.176733
0.115937
0.128266
0.0723769
0.598743
0.341726
0.0988725
0.21696
0.315075
0.169873
-0.0973555
-0.110922
-0.168858
0.171869
0.00830298
0.27303
0.112566
-0.0224403
-0.00940819
0.0746984
-0.312548
-0.116494
0.0950002
0.175369
-0.0269743
0.377353
0.420792
0.0658077
-0.875134
-0.903469
-0.725678
-0.138791
-0.159519
-0.0466804
0.0274756
-0.349905
0.164353
-0.45554
-0.280264
0.0417229
0.0898223
0.0298591
0.141479
-0.433532
0.0331064
-0.0872774
0.196801
-0.0345858
0.169599
-0.0131321
0.175628
0.324442
0.0634526
0.11612
-0.0750568
0.080284
0.213977
0.0740766
0.0112527
0.11208
-0.0616387
-0.0327384
0.158143
-0.00543062
-0.675987
-0.0372647
-0.0977451
0.0381884
-0.129808
0.336279
-0.196561
0.290566
0.661796
0.391269
0.291522
0.0540172
0.000323195
-0.0194179
-0.711091
0.0138951
-0.309428
-0.477117
-0.481242
0.208525
0.281219
0.79146
-0.00149547
-0.617166
-0.254925
-0.0813071
-0.0791926
0.227733
-0.110971
0.215544
0.327251
0.310264
0.0909019
0.159676
0.0865055
0.191347
-0.591832
0.0678386
-0.185169
0.0922778
-0.121841
0.0733802
0.107815
0.0770449
0.0379634
-0.280178
1.28045
-0.0642014
-0.0904101
0.136461
0.120715
0.203371
-0.0264204
-0.100473
0.310072
-0.0675036
0.21217
0.0338241
0.123708
0.715175
0.252661
-0.15115
0.0189046
0.264848
-0.466362
0.0404397
-0.634212
0.0295237
0.108751
0.376978
0.319498
0.048798
0.145528
0.024456
0.0300086
0.19423
-0.206543
0.217585
-0.856712
-0.851558
0.172481
-0.183632
-0.62881
-0.00711139
-0.166782
0.165171
-0.594021
0.605015
-0.131065
-0.0648027
0.119779
0.274075
0.0788939
0.244638
0.0331878
0.442449
-0.585254
0.122091
0.463627
0.53491
0.749269
0.175149
0.0828827
0.0860652
0.251397
0.147672
0.638868
0.650698
0.160972
0.192898
0.218954
-0.250592
0.404076
-0.27896
-0.0369429
0.127533
0.0972251
-0.0545344
0.113089
0.164598
0.229168
-0.137721
0.197577
0.229672
-0.00819591
-0.242816
0.0601633
0.390546
0.071193
0.316512
-0.0525895
-0.171441
-0.180572
-0.1123
-0.117811
0.182516
-0.00203403
0.232921
-0.0901501
0.218954
0.0433557
0.249827
0.148209
0.653184
-0.104259
0.349877
0.0879556
0.218407
-0.111572
-0.108405
-0.0815056
-0.553425
-0.535511
0.107451
0.129346
0.254193
-0.200418
0.129432
-0.077902
-0.367275
-0.262802
0.0883776
-0.0462321
0.0181411
0.0429646
0.164902
-0.0029923
0.237291
0.109677
0.0394496
-0.0549283
0.120597
0.0381868
0.191695
0.224333
0.0935113
0.111563
-0.00781266
0.005227
0.00780611
0.474549
0.793463
0.0472965
0.193674
-0.295247
-0.121129
-0.339483
0.266342
-0.0541596
0.0933348
-0.176461
0.0140967
-0.0205856
-0.180176
0.132783
0.204783
-0.467196
0.308495
0.0861166
0.157994
-0.180313
0.126732
0.166939
0.109845
0.0475207
-0.564154
-0.417661
-0.17715
0.364166
0.1964
0.0125206
0.310666
-0.385973
0.26213
0.0833412
0.0847079
0.227051
-0.126183
0.0912937
-0.0341907
0.0553067
0.204592
-0.0136187
0.134974
0.28612
0.476305
0.0698174
0.0703045
0.0259652
0.0636232
0.232244
0.0818535
0.130365
0.339197
0.0438268
0.366776
0.0554019
-0.0622445
-0.0764723
0.36265
0.384536
-0.0274846
0.0965087
0.11883
0.222549
0.317846
-0.230982
0.0678591
-0.0912933
-0.0565967
0.086283
0.147261
0.266333
-0.0985967
0.0595952
-0.0818695
0.128855
0.0121688
-0.0363501
0.104927
-0.286109
-0.400631
0.0901151
-0.196227
-0.170285
-0.282452
0.0682352
-0.221203
-0.219604
-0.0813369
0.0012217
0.145977
-0.161696
-0.052366
-0.0820481
0.0926166
-0.251572
-0.00544769
0.183008
0.0232599
-0.202329
-0.684603
-0.0908637
0.0435241
0.18467
0.203026
0.255756
-0.0303426
-0.0824722
-0.0660644
-0.0497206
0.0361918
0.0442572
0.134837
-0.044725
0.144362
-0.925754
-0.651615
0.0906206
-0.0651249
0.0367641
0.140871
-0.271226
-0.018202
0.0602104
0.0786101
-0.0195187
0.316339
0.176035
0.0774471
0.0738347
-0.0352837
-0.0142134
-0.083242
-0.158728
0.291314
0.123542
0.652127
-0.172697
0.170056
-0.138705
0.171785
-0.021204
0.23686
-0.0654085
0.194229
0.100774
0.191083
0.0578754
-0.0188439
-0.549438
0.348656
-0.0675566
0.194238
-0.157856
-0.273597
-0.605228
-0.154331
0.0645571
0.159425
-0.294112
0.0347825
0.111008
0.103366
-0.491061
0.0450969
-0.898497
0.00108823
0.0901201
0.0540009
0.0271378
-0.221981
0.151485
0.0324787
0.168068
0.0532421
-0.0144481
-0.0375268
-0.420148
-0.275833
-0.00474397
0.0642788
-0.177873
-0.0122454
-0.0743893
0.223563
0.0659725
0.170723
0.269556
0.114071
0.0810658
0.133598
0.438423
0.0545536
-0.225397
0.230282
0.259484
0.136371
-0.0419079
0.757534
0.309382
0.188376
0.487755
0.569261
-0.00136571
0.280364
-0.439638
0.021523
-0.0442876
-0.0326483
-0.318582
-0.44189
0.0133042
0.0679096
0.359027
0.933832
0.17546
0.0467717
-0.0230079
0.168485
0.137697
0.113935
0.211717
0.764256
0.186151
0.157495
0.181562
0.185198
0.145356
0.419077
0.109981
-0.0834224
0.456058
0.292522
-0.264857
-0.0150046
-0.094393
0.0346124
-0.144622
0.119522
-0.109078
0.0606249
0.0366515
-0.171886
0.21082
0.412097
0.0372609
0.14749
-0.147208
0.37118
0.3545
0.440084
-0.085143
0.438625
0.0346215
0.176068
0.0757896
0.215363
0.12417
0.310555
0.559865
-0.539457
-0.480695
-0.143903
0.14999
-0.533962
0.723976
0.569159
-0.374529
0.0626951
0.0833431
0.110088
0.631952
0.0876667
0.131401
0.281083
-0.0366378
-0.0780537
0.042238
0.214527
-0.0377527
0.520186
-0.188917
-0.0487869
-0.0112517
-0.612959
-0.174356
0.194348
0.381255
0.0476393
0.210431
-0.453017
-0.378505
-0.416913
0.308367
0.309041
0.0287454
0.258913
0.232982
-0.512745
-0.126747
-0.0300521
0.144712
-0.141291
-0.191667
-0.131473
0.276033
0.0631745
-0.253095
0.137797
0.774088
-0.39854
0.172088
-0.143775
0.0988939
0.333693
0.09003
0.0338326
0.112588
0.0298772
0.0260869
0.124041
0.0336586
-0.00858441
0.155941
0.246715
-0.00177027
-0.326109
-0.171857
0.0529955
0.129443
0.0653386
0.115272
0.143328
-0.16775
-0.121312
-0.098156
0.108113
0.41944
0.344601
0.405042
0.285134
-0.0260394
-0.196332
0.0118479
0.238049
0.115093
0.322208
0.00463998
0.0519082
0.0837873
0.174704
-0.153698
-0.0724658
-0.258601
-0.0269926
-0.0468273
0.220305
0.0731634
-0.0329296
0.142407
0.166002
0.22352
0.156627
0.156713
0.152259
0.0803198
0.219786
0.0223004
0.221344
0.317581
-0.329735
-0.46994
0.0658102
0.147161
0.0599258
0.184572
0.210362
0.167868
0.230635
0.350456
0.252104
0.0551133
0.108625
-0.418141
0.230831
0.0945621
0.00926356
0.0667952
0.243993
0.018233
0.920406
-0.412311
0.337948
-0.105778
0.114219
-0.00528368
0.377456
0.0769139
0.187252
0.223482
0.214383
0.264647
0.252494
-0.374386
0.0930583
0.182518
0.0560713
0.17473
0.30968
-0.819153
0.0385261
-0.329373
-0.179345
-0.0391602
0.294189
0.259839
-0.0204677
-0.0716979
0.119364
0.0759467
0.522518
0.0806286
0.315614
0.0880877
0.0903064
-0.168172
0.273584
0.240134
-0.121571
0.0199834
0.184388
0.336612
0.335499
-0.119221
0.0967746
0.215103
0.885095
0.12601
0.19854
0.259455
0.189423
0.00528741
0.117482
0.178869
0.225591
0.223269
0.167575
0.0766977
-0.0388075
-0.362098
0.239601
-0.0925964
-0.100609
-0.140932
-0.0074925
0.233706
-0.198851
-0.00290746
0.29839
-0.519189
0.179992
0.383488
0.267349
0.412775
0.0600611
-0.0344535
-0.091031
0.248229
0.383717
0.155046
0.168757
0.0144382
0.0285169
-0.24292
-0.297856
-0.253794
-0.0260062
0.00938233
0.0218041
0.0360902
0.181034
0.0979011
0.200619
0.715243
-0.468842
-0.191875
0.636554
0.163859
-0.491184
-0.0786354
-0.0155843
-0.00358354
-0.140905
-0.193697
0.0582103
-0.00569048
-0.0396341
-0.0581264
0.18071
0.0898592
-0.00436684
-0.105628
0.110069
-0.349149
-0.161748
-0.149023
0.0199362
-0.0179457
0.39482
0.0809043
0.0676862
-0.296915
-1.06728
-0.471877
-0.451789
-0.602521
-0.291166
-0.0633475
0.00466513
-0.197566
0.0289323
-0.105724
0.0935696
0.0236645
0.128738
-0.0119814
-0.090504
0.0466438
0.328783
0.148673
-0.182604
0.61853
0.522195
0.308772
0.233685
-0.0612505
0.463042
0.209422
0.0231829
0.180906
-0.476697
0.0643263
0.161588
0.138495
-0.00438645
-0.194656
-0.0820149
0.147645
0.0329452
-0.294929
0.136414
0.13133
0.17357
0.0611897
0.107851
0.160826
0.188007
0.000249624
-0.0538235
-0.208531
-0.314426
-0.0499065
0.267883
-0.0549487
0.0602057
0.26269
0.113048
0.191881
0.191238
0.189815
0.194911
0.218337
0.0549365
-0.0905052
0.0343437
-0.0955408
0.205599
0.249533
-0.677333
0.814734
0.00819697
-0.0521129
-0.295219
-0.332724
0.255311
0.180663
-0.131435
0.00287838
0.0152554
0.0297784
0.0806302
0.221287
-0.103481
-0.46858
-0.0204746
0.0818365
0.0448939
0.0696021
0.214731
-0.464645
-0.538924
-0.129952
0.258462
0.0114697
-0.347694
-0.415771
-0.169831
0.10467
0.222823
0.364981
0.146779
-0.385112
-0.74672
-0.0385859
-0.135973
-0.81638
-0.735069
0.222626
-0.727997
0.0803452
0.0440656
0.280004
0.521804
0.462749
-0.0225248
0.152007
0.400325
0.21474
0.187463
-0.0893733
0.495054
0.331186
-0.0139104
-0.143761
-0.29395
0.0679646
0.119762
0.186701
0.226411
0.0627759
0.0821728
0.0982145
0.099499
0.176397
-0.42872
0.123978
-0.0340888
-0.366441
-0.324525
-0.392414
-0.662844
0.0331606
0.219048
0.0687863
0.166178
0.173985
0.562313
1.10961
0.354304
0.234087
0.0485004
-0.624143
-0.122303
0.0112132
-0.244452
-0.0848206
-0.306951
-0.441789
0.388859
0.158152
0.0614859
0.102704
-0.0233634
0.154206
0.00884601
-0.384555
-0.134926
-0.0938305
-0.00862158
0.197013
0.597191
1.01411
0.261302
0.388796
-0.238006
-0.0594684
0.0381777
-0.0969633
-0.15567
0.128351
0.205339
-0.83055
0.206711
-0.00259887
0.44765
-0.478842
0.218314
0.179918
0.272014
0.144168
0.249213
0.363535
0.351292
0.356399
0.410787
0.0729727
0.0804277
0.10574
0.105938
-0.167828
-0.0224956
-0.0308325
-0.823814
-0.243681
0.152007
0.336138
0.158628
0.410381
0.414384
0.48933
-0.196685
0.164678
0.128193
0.125743
0.252268
-0.035229
0.0351484
0.184475
0.32776
0.0884532
0.0728258
0.0888096
-0.255672
0.168223
0.56449
0.340026
-0.0238061
-0.0990828
0.0247835
0.00724472
0.134481
0.109697
0.0621598
-0.582304
-0.264618
0.00818554
0.0720764
0.00636947
0.226937
-0.0477648
0.316703
0.186487
0.047839
-0.162433
0.447157
0.297295
0.132045
-0.33747
-0.0256396
0.0579081
0.197219
0.0420644
0.061612
-0.234052
-0.0375811
0.099338
0.163573
0.15052
-0.141045
0.0639675
0.106593
0.0751441
0.118108
0.0429131
0.150761
-0.171666
-0.119668
-0.0133033
-0.252491
-0.516744
-0.172294
-0.628693
0.110495
-0.0348682
0.305939
-0.0700373
-0.463506
-0.116305
-0.262653
-0.258259
-0.548455
0.081662
0.233917
-0.629798
-0.350093
0.11348
0.148871
-0.0279356
0.00374945
0.0361247
-0.0314223
0.0800986
0.0182434
0.0934004
-0.0911759
0.0380793
-0.400961
0.252573
0.302383
0.0434503
0.44947
0.873364
0.195354
0.47389
0.448609
0.0648979
0.391072
-0.402746
-0.247201
0.558935
0.423895
0.737627
0.200813
0.217603
0.289765
0.226846
-0.609852
0.100242
0.388274
-0.0151661
-0.152906
-0.469811
0.00811405
-0.0264066
0.185937
0.34508
0.104842
-0.0286695
-0.0715881
0.0850603
0.122102
0.17054
-0.470522
-0.484961
-0.0131964
-0.0197979
-0.313191
0.331189
0.0347135
-0.211216
0.14644
0.226302
0.313837
0.197636
0.326324
0.391979
0.357284
-0.0285461
0.0753525
-0.0426126
0.186028
-0.00384316
0.258044
-0.132389
0.223817
0.0128174
0.199934
-0.0240842
0.191996
-0.0101773
0.305422
-0.0264726
0.156121
-0.143326
0.0427616
-0.133145
0.0669039
0.244812
0.135858
-0.0402547
0.113886
-0.00480469
0.112512
-0.0116079
0.195325
0.124788
0.28358
0.105663
0.426756
0.0461869
0.110775
0.143881
0.0462451
-0.0370863
0.358574
0.0398809
0.426713
0.0575656
-0.289783
0.246149
0.492237
0.63228
0.103309
0.200513
0.233659
-0.0345612
0.234341
0.129616
0.507349
0.468296
-0.106748
-0.311947
-0.0684977
-0.105197
0.0707764
-0.0213511
0.198025
-0.186358
0.133618
0.15716
-0.355478
0.00276774
0.126053
0.366718
0.186308
-0.123415
-0.18751
0.0759169
-0.12882
0.0132069
0.383384
0.0247242
0.036839
-0.171337
-0.0926583
-0.198869
0.079003
-0.296061
-0.227835
-0.247954
-0.0447065
0.00823822
0.272284
0.0652396
0.0789251
-0.140987
-0.0538873
0.11856
0.0731494
-0.0104286
0.254528
0.0158829
0.0833967
0.240734
0.300097
0.0821333
-0.119824
0.119273
0.0993691
-0.277686
-0.0938088
-0.0632889
0.319744
0.00981708
0.40274
0.371787
-0.359944
0.143628
0.00414946
0.130189
-0.077565
-0.141435
0.269404
0.0693953
0.443684
0.311586
0.4287
-0.434908
-0.401267
0.132953
0.100937
0.156558
0.0937324
0.00847
0.785302
0.812191
0.133838
-0.0244524
0.0494088
0.981945
0.742621
-0.160996
0.0700097
-0.348945
-0.267532
0.0151519
-0.500994
-0.0855565
0.131611
0.0379904
0.161291
-0.0599644
0.152515
-0.306095
0.0156117
-0.116343
0.196299
0.0637387
0.189281
0.282701
0.0513927
-0.0360602
0.349713
-0.374777
0.231667
0.0311769
-0.189772
0.130932
0.172579
-0.00784439
-0.0282861
-0.0180657
-0.0303575
-0.0971391
-0.0838524
0.037797
-0.348319
-0.393544
0.0242139
0.257549
0.0456219
-0.0548317
0.173833
0.187283
0.194676
0.0413259
0.1797
-0.0672116
0.202477
0.151661
0.164689
0.498364
0.449159
0.0916543
0.227616
0.0110596
0.0977274
-0.0665331
0.127719
0.0671501
0.160744
0.0901522
0.128777
-0.0286837
0.0893723
-0.13695
0.0653271
-0.425201
0.177538
0.108158
0.11026
0.0709069
0.230047
-0.10564
-0.00398768
-0.0630928
-0.135417
-0.0356215
-0.0139465
0.0420856
0.0353313
-0.0531789
-0.0318487
0.102657
0.35168
0.0726242
0.120147
-0.00984912
0.107459
0.0332038
0.108098
0.0930292
-0.0844842
-0.19932
0.110965
-0.301092
0.289424
0.127414
0.232247
0.313027
0.231655
0.323154
0.0966445
-0.47866
0.364688
-0.403075
0.12028
0.0840129
0.0420707
-0.135677
0.0859188
0.227546
0.586801
0.2718
0.162104
0.138806
-0.536779
-0.624594
0.0297722
-0.0552973
0.399533
0.0682129
0.265115
0.213468
0.163895
-0.31339
0.0635
0.102446
0.0472131
-0.531911
-0.0521129
0.569998
0.113658
0.178013
0.0148263
-0.501034
-0.674711
-0.733577
0.119172
-0.0768791
0.0401288
-0.332883
0.260022
0.0270683
0.0274094
-0.0155231
0.0578105
-0.0452129
0.045891
-0.116563
0.153913
0.0768163
0.0907357
-0.0164621
-0.0074822
-0.02032
-0.351366
-0.0114329
-0.16955
-0.195389
0.641952
-0.0228878
-0.0477882
-0.169035
0.156867
-0.0322787
0.0364451
0.00988758
0.252092
0.153013
0.195094
0.158187
0.0430352
-0.0230973
0.0793988
0.0304884
-0.174128
0.0334192
0.260976
-0.0347704
-0.239638
0.0972854
-0.065722
-0.460616
-0.0701839
-0.0201707
0.0423633
0.210509
-0.0150124
0.0519477
0.222216
0.110145
-0.0677437
0.0368526
-0.182756
0.134939
0.173729
0.297559
