-0.199947
0.499247
0.335914
-0.13958
0.260201
-0.224787
0.154306
0.18409
0.00335678
0.640534
0.251284
0.140485
-0.00487649
-0.0219008
-0.00404226
-0.136347
-0.249577
-0.470094
-0.480204
-0.237776
0.00456099
-8.98252e-06
-0.445452
-0.0137904
-0.659572
-0.0111893
0.105164
-0.353272
-0.16343
0.00290847
1.05093
0.035983
0.061532
0.0579782
0.0707867
-0.198573
0.172548
-0.232359
0.477914
0.2469
0.0928311
-0.187011
0.114514
0.208548
0.0017061
-0.154863
0.183811
0.238057
-0.501482
-0.409566
0.17056
0.0783974
-0.162223
-0.0673084
-0.012712
-0.247473
0.108261
0.320493
0.155418
0.0911588
-0.0118725
0.13817
-0.0581132
-0.0175162
0.0962959
-0.420813
0.0703655
0.697324
0.0406412
0.0927365
-0.0081853
0.162729
0.566193
0.0792397
0.0166046
-0.492344
-0.238718
-0.0797915
0.228446
-0.00610442
-0.201574
0.321832
0.516873
0.385743
0.143444
-0.0103075
-0.00807287
0.146066
0.0258454
0.0634059
0.112582
0.0955945
0.101795
0.0603723
0.089234
0.0944097
0.222997
0.0957548
-0.00709661
0.00473197
-0.215797
0.0109963
-0.0335722
0.155678
-0.146703
-0.145539
-0.178779
-0.00817185
-0.169988
0.0646576
-0.0866511
-0.121418
-0.0820301
-0.00496247
-0.339779
0.151699
0.728334
0.613644
0.165886
0.0722695
0.196325
0.0865552
0.252859
0.0725233
-0.212597
0.0470466
-0.295908
0.207272
0.543544
0.232378
-0.133847
-0.0595988
0.154235
0.398313
-0.218465
0.0263125
0.06715
0.0488677
0.152392
0.247585
0.0662717
0.248985
0.217829
-0.0284749
0.243154
0.131808
-0.301793
0.0364628
0.0735153
0.480735
0.429768
0.0163167
0.254188
0.0883692
0.0612605
0.254574
0.276404
0.330414
0.0313846
0.186497
0.218147
-0.297239
0.020775
0.166216
0.00406859
-0.198052
0.0343958
0.0963323
-0.250241
-0.0291201
0.587626
0.130701
0.070945
-0.154689
-0.412721
-0.162897
0.071189
-0.0218884
0.142283
-0.399308
-0.322096
-0.143659
0.076218
-0.00905231
0.0396552
0.822314
0.211134
0.107987
0.0318365
0.0338874
0.193713
1.01544
0.0661679
-0.0862002
0.0585265
0.102385
0.0367794
-0.10194
0.0797158
-0.169955
-0.0189312
0.420068
0.0486021
0.460625
0.0528044
-0.118856
-0.571922
-0.129572
0.130835
-0.255928
-0.117464
0.100067
0.0633567
-0.02255
-0.0696078
0.190557
-0.0819523
-0.421245
-0.041525
-0.0520809
-0.00272912
0.0175729
0.0438032
0.585661
0.0794436
0.099386
-0.0335533
-0.466347
0.0390826
-0.0769868
-0.174586
0.0337295
-0.0532771
-0.136297
0.130049
-0.123712
-0.208608
0.162611
0.0931336
0.110408
-0.205356
-0.0907844
0.119779
0.240699
0.103117
-0.0718721
0.105798
0.220197
0.0387237
0.232086
-0.000846389
-0.227433
0.14132
-0.37673
-0.344572
-0.493711
-0.389603
0.0539812
-0.0499659
-0.164268
-0.195277
0.40296
0.0102403
-0.34884
0.201454
-0.0232747
0.141246
0.104621
0.0519211
1.09362
-0.0912865
-0.200119
-0.03993
0.50175
0.0207888
0.228451
-0.181109
-0.0664882
-0.307214
0.0132603
-0.355747
0.40944
-0.0828624
-0.321905
0.0223203
-0.0574716
0.167487
0.676598
0.88515
0.0685452
-0.497451
0.0668685
0.207634
0.379559
0.441466
0.43992
-0.690753
0.283488
0.121037
-0.0376231
0.0639027
0.327194
-0.549265
-0.282111
0.0383857
0.0589278
-0.386035
-0.164522
-0.270783
-0.0862151
-0.0455096
-0.382265
0.0173405
0.226006
0.0920213
0.296487
0.100973
0.00648843
0.0667524
0.141102
-0.040064
-0.0649953
-0.0674143
0.0306353
0.167567
-0.0205627
-0.00146716
-0.389535
-0.153384
-0.138951
0.106569
0.0998607
-0.107676
-0.0199908
0.132386
-0.0918594
0.0382566
-0.17677
0.136073
0.133752
0.1484
0.422828
0.0270514
0.182745
0.0759879
0.243295
-0.0238401
-0.279055
0.024498
-0.0907847
0.0928304
-0.030475
-0.158388
-0.256562
0.221462
0.470362
-0.209068
0.0523821
0.16491
0.355469
-0.137017
-0.00189104
0.0212107
-0.0737337
0.00133021
-0.19626
0.0689463
0.0722478
0.0026173
-0.165405
-0.0100354
-0.398108
0.0984723
0.585646
1.156
-0.337718
0.0109395
0.0098808
0.0383812
0.0806391
-0.266145
0.346278
0.0071166
0.519514
0.155921
0.194263
-0.0663595
-0.118223
-0.0839834
-0.223676
-0.037384
0.0395867
0.106855
0.278408
0.0119558
0.715814
0.106594
0.0036396
-0.00377905
-0.0834725
0.0118925
0.0756076
0.0869501
-0.263203
-0.344921
-0.434205
0.248525
0.643389
-0.463172
-0.179702
0.268445
0.988684
0.0880069
0.527321
0.0821185
0.140369
0.0411631
-0.0592277
0.0466699
0.152143
-0.0205508
-0.0238904
0.61945
-0.316812
0.137791
0.00369935
-0.00853955
0.0999191
0.0732582
-0.0143162
-0.377428
0.325047
0.42569
0.227804
0.0438032
-0.00405305
-0.00627564
0.0909416
0.0342052
0.0936883
0.0136801
-0.496494
-0.044972
-0.0308304
0.336407
0.210247
0.12963
0.0933208
-0.150196
-0.483067
-0.00323443
0.0287022
-0.147572
0.00711736
-0.222994
-0.233746
-0.0280063
-0.0163682
0.467142
0.534551
0.734944
-0.22591
0.413215
-0.23878
-0.151132
-0.171357
-0.313773
-0.233369
0.234751
0.0493809
0.397957
0.0735708
0.13253
-0.209454
0.0402507
-0.102222
0.251933
0.624543
-0.114844
0.0724259
0.121531
-0.141783
0.0575915
0.326878
0.67347
0.288176
0.0349979
0.370864
-0.103887
0.0246649
-0.19387
0.412393
0.322959
-0.00165925
-0.0524677
0.736265
0.327694
0.140334
-0.0299151
0.190397
-0.154837
0.237623
0.254046
-0.0367434
-0.0129807
0.143436
-0.295762
0.0152332
0.313996
0.510316
0.194242
-0.00653512
0.688051
0.183742
-0.484166
-0.139719
-0.0478819
0.0971164
-0.0170976
0.123947
-0.220575
0.301647
-0.300073
-0.24595
-0.052852
0.0294971
0.14274
0.0636802
0.0992783
0.0353807
-0.0314718
-0.0736036
-0.131472
-0.227696
0.209643
-0.00472456
0.390894
0.174337
0.280886
0.402477
0.219253
-0.0582409
-0.0642228
-0.049682
-0.00992324
-0.0444727
-0.139543
-0.275148
-0.255951
0.233824
0.0701322
0.0429178
0.0337613
0.0933363
-0.0141887
0.105437
-0.375775
-0.0597793
-0.103359
-0.197223
-0.252595
0.00968353
-0.0303339
-0.329109
-0.0623461
-0.373242
0.0770763
-0.0116812
-0.38705
-0.219415
-0.452632
0.0740795
-0.250965
-0.217687
0.063294
0.020041
0.884183
0.00910424
-0.103954
-0.370542
-0.269347
-0.0194138
0.139793
0.215299
0.202625
0.174253
-0.2748
-0.308945
-0.0931943
-0.0457365
0.278704
0.105073
-0.112023
-0.0499368
0.10326
0.08259
0.154403
0.103961
0.0461977
0.154246
0.0955276
0.0812544
-0.224177
-0.0390703
1.08698
-0.205334
0.011168
-0.305639
-0.0807746
-0.0464252
0.225404
-0.145365
0.269705
0.208121
-0.0364386
1.00969
0.11008
-0.0639159
0.304886
0.0881716
-0.226693
-0.0450369
-0.00174545
0.598646
-0.109018
-0.968093
-0.956044
0.476695
-0.133639
-0.15393
-0.00410798
0.0785383
0.00779279
-0.035378
0.019765
-0.465503
-0.0744539
-0.0566706
0.00222607
-0.0808054
0.0978224
-0.133483
0.163345
0.0908877
-0.0840405
0.160707
-0.328774
-0.263496
0.258828
-0.143208
0.546532
0.48185
-0.114394
0.0151022
0.238344
0.121815
0.163299
-0.0157196
0.0228413
0.375361
-0.043347
0.287693
0.125699
0.0129694
-0.0330782
0.0339043
-0.0946076
0.010764
-0.220416
-0.291241
0.331703
-0.28205
-0.490798
-0.201924
0.0872689
0.0677996
0.118509
0.563453
0.366299
0.0131344
0.0276636
-0.0411591
-0.0922531
0.455152
-0.279828
-0.153092
-0.158125
-0.1728
-0.310183
-0.0255918
0.094364
0.0554109
-0.0406467
0.0278884
-0.117843
-0.0953569
-0.0202046
0.0329951
-0.0904675
-0.0959428
0.128675
0.548528
0.215022
-0.216431
-0.419285
0.131151
-0.53152
-0.123474
0.0306417
0.128322
-0.0404322
0.104227
-0.00362146
0.0418122
-0.0333149
-0.0960199
-0.129548
-0.0336346
-0.036646
0.0732466
0.206402
-0.0477612
0.0453739
-0.0452287
-0.0570175
0.0697248
-0.0644467
0.479106
-0.088443
1.13037
1.1029
-0.218129
0.0129015
0.466087
0.0701806
0.0215469
-0.184459
-0.0272705
-0.0515437
0.22222
-0.266169
0.0917107
0.0266475
0.177713
-0.0679654
0.490731
-0.0859835
-0.167284
-0.531509
-0.110065
0.325104
0.217809
0.86928
0.197717
0.0740925
0.0963323
0.146544
-0.237859
-0.224027
-0.195202
0.12384
0.179365
0.334647
-0.177833
-0.416944
-0.41917
-0.304745
-0.266567
0.810053
-0.349386
-0.0397429
0.10224
0.471395
-0.188034
0.218373
-0.0384741
0.0467082
-0.0481195
-0.043757
-0.0703684
0.095993
-0.514319
-0.0695537
-0.226976
-0.0891128
0.00816745
0.0288854
0.0845709
0.0804113
0.00482317
0.0340433
-0.19997
-0.372086
0.796415
0.672601
0.558985
-0.0448556
0.253721
0.416107
0.286855
-0.105798
-0.208443
0.00961903
0.0450476
-0.308602
-0.205602
-0.0477677
-0.152491
0.4971
0.439746
-0.221609
0.142913
0.0239431
-0.0161506
0.115515
0.181148
-0.239662
0.392906
0.102581
-0.248335
0.377059
0.0209843
0.0322949
0.196084
0.710969
-0.267279
-0.401202
-0.325819
0.0930212
0.180386
-0.569901
0.243697
0.17078
0.228668
-0.0242093
-0.0398834
-0.0613013
0.121027
0.0265922
-0.134435
-0.0274559
-0.0218586
-0.0212446
-0.251268
0.0270791
-0.0277251
0.118179
0.896516
-0.192928
-0.242678
0.0487609
0.15562
0.105523
0.0742749
0.0314581
-0.10825
0.0305525
0.0514938
0.906046
0.655831
-0.0349473
-0.154156
0.0010512
-0.0256686
0.054325
-0.06069
0.00119114
-0.0831885
-0.0361641
0.392229
-0.0976427
-0.180154
-0.0382153
0.271093
-0.224803
-0.100955
0.0634889
-0.087496
-0.114941
-0.1562
-0.284665
-0.0632236
-0.20263
-0.163503
-0.181473
0.0639189
-0.117776
-0.0651916
-0.022438
-0.332893
-0.249997
0.11632
-0.098814
0.118496
0.0747351
0.0988902
0.00945371
-0.21155
1.10807
1.09177
0.101367
0.26554
0.0220543
-0.0863286
-0.159848
-0.220866
-0.0658674
-0.0574087
0.00745322
0.303646
-0.149197
-0.0857724
-0.0710442
0.258307
0.661754
0.00818538
0.00612247
-0.0256693
-0.402649
0.128517
0.577596
0.266946
-0.173601
-0.0523165
0.0695337
-0.148058
-0.169405
0.0243803
-0.187901
-0.155243
0.874919
1.05389
-0.081311
-0.0484117
0.0215014
-0.270566
-0.0757116
0.447439
-0.0641079
-0.587032
-0.0826461
-0.0542286
0.209491
0.155677
-0.01979
-0.0691691
-0.0710096
0.056883
0.0294078
-0.0480273
-0.214153
0.0455722
0.0250182
-0.0684616
0.0293788
0.0350293
-0.145109
-0.0689342
0.587586
-0.0309232
-0.102325
0.104791
-0.0255938
-0.100026
-0.299419
-0.437826
-0.195415
-0.00578864
0.28009
0.0830128
0.284615
0.0025348
-0.0291676
-0.129328
0.374535
0.113879
0.0608365
-0.0109931
-0.867047
0.257461
0.448126
-0.0535345
0.00653091
1.34146
-0.06154
0.258719
0.00582012
-0.00310473
-0.491992
0.237939
0.0647039
0.637645
0.0787786
-0.0474334
0.218131
0.0454267
0.179691
0.00809667
-0.588039
-0.162232
-0.0649596
-0.163004
-0.00223993
-0.528567
-0.567474
0.12136
0.0581614
1.0899
0.205605
-0.0380615
0.224819
-0.167008
-0.0980906
0.00786865
-0.0567579
-0.313664
-0.124923
-0.37117
-0.0673025
-0.131022
0.00842517
-0.0181215
-0.0780134
-0.247028
-0.207975
-0.596028
0.152424
0.124145
-0.0955652
-0.212123
0.0249395
0.0860096
0.0600657
0.270407
1.02521
-0.347441
0.0178531
0.0641964
0.195284
0.0174882
-0.129324
-0.253672
-0.813691
-0.176015
0.298779
0.257219
0.171819
-0.667855
-0.341588
-0.268189
0.0457818
0.495568
-0.0671521
-0.0920688
-0.147321
-0.120586
-0.0853048
0.909042
0.370816
-0.266293
0.215009
-0.354137
0.279899
-0.13491
-0.165003
-0.38535
-0.546136
0.345189
-0.137203
-0.555709
0.128124
0.173116
0.140947
-0.144397
0.420612
-0.109246
-0.0488551
0.0716123
0.126045
-0.155969
-0.240776
0.620864
0.117286
0.077025
0.265069
0.211201
0.214541
-0.0128934
0.533444
0.00206807
0.193187
-0.00268935
0.25272
-0.109039
0.328257
0.654939
1.00366
0.237376
0.449396
0.0511271
0.125362
-0.0705975
0.0341519
0.385262
0.376075
1.15014
0.175671
0.285149
0.0621508
0.73141
1.20211
0.345531
-0.0128232
0.22088
0.0643023
-0.435415
-0.159541
-0.37169
-0.0593184
0.0903997
-0.159811
-0.625109
0.380818
0.274142
0.270328
0.521494
0.447971
-0.168099
0.00732872
-0.28186
-0.237153
-0.0639023
0.0745405
-0.135635
0.206874
0.106638
0.0513042
-0.0631579
0.194096
0.622971
0.57994
-0.0627976
0.132993
0.0152478
-0.300851
-0.528828
-0.361164
-0.372135
-0.19501
-0.396701
0.0758099
-0.0846641
0.471102
-0.081539
0.209667
0.0930212
-0.241659
-0.0387754
0.0704326
0.164974
0.251659
-0.0510703
-0.464613
-0.660891
0.00702155
0.373173
-0.229991
0.237265
0.0288373
0.855821
0.335203
0.381455
0.188579
0.0158156
-0.0336865
0.531724
0.00686595
-0.0123593
-0.13029
-0.203843
-0.195115
0.0765728
-0.0407473
0.796982
0.162593
0.104313
-0.0577767
0.333982
0.562061
0.121855
-0.00341901
-0.0954206
-0.0758212
0.251247
0.190311
0.296509
0.433587
-0.163092
0.221442
0.348175
0.177849
-0.18578
-0.225628
-0.0747487
-0.150064
0.0477335
-0.302865
0.0310221
-0.320142
0.0333062
1.40345
0.57339
0.364754
-0.0286555
0.135899
-0.130532
-0.133503
-0.221131
-0.494181
0.439952
-0.0199098
-0.292305
-0.13754
-0.260489
-0.104459
-0.337731
0.258136
0.131412
-0.159927
-0.389189
0.00359067
0.825437
0.200637
0.150175
0.595707
0.0494606
-0.626356
-0.279993
0.725486
0.0903731
-0.0941304
-0.0801499
1.03088
1.12676
0.0968317
0.115177
-0.0906865
0.0174222
-0.309894
-0.303435
0.190282
-0.109658
0.0467799
0.0127134
0.150377
0.0930995
0.192151
0.167547
0.266412
0.226789
-0.0916828
-0.081969
1.22021
1.37273
0.184979
-0.068018
0.399325
0.345245
0.183514
0.0174272
0.0297525
0.00968688
0.0403778
0.445828
0.304173
-0.0371543
0.04918
1.10144
0.143904
0.25345
0.165988
0.111196
-0.00307485
0.207245
0.109854
-0.257858
-0.297037
0.0823265
0.198614
0.432105
-0.428698
-0.404433
-0.1538
0.0312793
0.0761774
0.0799683
-0.201331
0.174657
0.316406
0.0527213
0.032677
-0.0230078
0.0406394
0.210355
-0.0109108
0.0062072
-0.103887
-0.0639988
-0.028998
1.17051
-0.177034
-0.227296
-0.58988
0.00601465
-0.102003
0.255813
0.0585559
0.409328
0.925371
0.148824
0.130275
0.0313912
0.0821357
0.624688
0.00336007
0.690582
-0.0893091
-0.188049
-0.0325579
-0.068855
-0.00547906
-0.0350646
0.123077
-0.185036
-0.259803
-0.194756
0.0781898
-0.0283074
-0.133829
-0.156638
-0.374091
0.200379
-0.361528
-0.461842
-0.0403356
-0.528369
0.149552
0.682562
0.656703
0.304097
-0.193808
0.361487
0.360705
0.180542
0.429227
-0.140248
0.212379
-0.332536
0.151987
0.370721
-0.449647
0.147141
0.311225
1.23809
-0.0808915
0.177131
1.21441
0.315734
-0.155056
-0.273774
0.130794
-0.165162
0.281556
0.237138
-0.350568
0.260097
-0.0414572
-0.446283
0.0766844
-0.197339
-0.317735
-0.241458
0.0980915
-0.395164
0.148539
0.0698574
-0.133906
0.105894
-0.285927
-0.317
-0.282589
-0.408535
0.249349
0.892281
0.981951
1.34723
0.147781
0.418197
0.209477
-0.0589427
0.0443804
-0.215347
0.101696
-0.223828
-0.154359
-0.20636
0.0663886
-0.00775808
0.0233138
-0.314213
-0.368758
0.18367
-0.106352
-0.177595
-0.06595
-0.144587
0.0884528
-0.0740001
-0.0124592
0.00984952
-0.203875
-0.11281
-0.227721
-0.0967193
-0.37356
-0.368342
-0.0781699
0.0138606
-0.15874
0.0822375
0.73283
0.114061
0.134637
-0.199799
0.0239226
-0.00339954
0.377358
0.322245
1.28513
-0.244756
0.148028
0.137206
0.168742
0.211431
-0.0655925
-0.110497
0.636961
-0.0978433
-0.208802
0.124857
-0.219256
0.0546838
0.217402
0.254818
-0.188891
-0.165866
0.157019
0.0489975
-0.0995776
0.0498514
0.123362
0.154302
-0.075868
-0.279608
-0.0389118
-0.308939
-0.199891
-0.201423
0.228675
-0.0258526
0.182106
0.35604
0.532851
0.0460464
-0.156326
-0.279146
-0.087757
-0.0364555
-0.174542
0.231819
0.43802
0.426935
0.13064
-0.151399
-0.295428
0.133016
-0.171359
0.213969
-0.165208
-0.564103
-0.0899861
0.547233
-0.0927701
0.194874
-0.496606
0.130648
0.253382
0.395292
0.510288
-0.227825
0.924667
0.26111
0.213033
-0.203235
-0.289698
-0.486327
-0.112914
0.441025
0.918224
0.0186278
0.165014
-0.0777543
0.0264291
0.00613462
1.38752
1.27913
0.410994
0.0777877
0.00936095
-0.0144759
-0.106982
-0.126345
-0.0339145
-0.0356987
0.0737664
0.495349
-0.0703827
0.154152
0.117076
0.634147
0.465247
0.298214
-0.182044
-0.0946342
0.154728
0.350537
-0.101231
-0.0308527
-0.0274507
-0.108666
0.393289
0.264707
0.30432
0.295413
-0.272971
-0.221919
-0.410956
0.235224
-0.405441
0.0423962
0.396094
-0.0203754
-0.131324
0.897214
-0.047291
0.523077
-0.0255233
-0.0479234
-0.48668
0.0218025
-0.113393
0.973681
0.0278709
0.338033
-0.110334
0.241347
0.0456552
0.0567886
-0.311756
-0.0333002
-0.0428623
-0.219476
-0.289232
-0.144362
-0.0470638
0.274392
0.151589
0.274556
-0.320751
0.465011
0.31042
-0.244934
0.303839
0.045604
0.228328
-0.30488
0.13114
0.250159
-0.125437
-0.194026
-0.423906
-0.0356328
-0.395829
0.359903
0.0643249
0.661234
0.573438
0.139842
-0.387944
0.797664
-0.274338
-0.0347916
0.519678
-0.518155
-0.276385
-0.0763891
-0.0564833
0.242831
0.483185
0.0210343
0.031904
0.230134
0.0923156
0.0178279
0.0369244
-0.0298959
-0.379568
0.173129
0.705362
-0.0372996
0.348956
-0.361546
-0.136966
0.0550734
0.306208
0.100761
0.158458
0.0663611
-0.197336
0.345193
-0.131571
0.477781
0.0691638
-0.00682449
-0.0286237
0.114384
-0.413374
0.0620034
-0.245859
0.0216028
0.430555
0.200057
-0.441627
0.408731
0.0669
0.123178
-0.0309803
-0.190773
0.03431
0.441594
-0.158886
0.603669
-0.337038
0.46537
0.39507
0.197524
0.0642329
0.237146
0.346515
-0.485115
0.589934
-0.126383
-0.170115
0.623375
0.0607103
0.0731231
-0.487309
0.151313
0.0214192
0.109706
-0.209858
0.0996006
0.31785
-0.269789
0.125518
-0.358476
-0.016462
0.0492465
0.088487
-0.365395
0.0477421
0.14925
-0.41388
0.0338596
0.0626885
-0.681352
0.31645
0.455081
0.103651
0.105421
0.0674441
0.149198
-0.355272
0.475639
0.264373
0.0292593
0.109976
0.108551
-0.21138
-0.0912548
-0.163322
0.0809039
0.42171
0.997218
0.00332965
0.461499
-0.0992246
-0.205716
0.077523
-0.168766
-0.0294347
0.288755
0.107585
0.187968
0.386125
0.843236
-0.104957
-0.322918
0.0829901
0.424595
0.0919668
-0.409995
-0.281996
0.131712
0.344482
1.20928
0.374917
-0.169072
-0.0753141
0.02641
-0.022188
0.346902
-0.103412
0.184051
1.19481
0.244135
-0.308745
-0.0239576
-0.0811355
0.47145
-0.193001
-0.0706522
0.626665
-0.289762
0.304665
-0.402725
-0.144723
0.114632
0.505684
-0.519248
-0.375086
0.0815777
0.237171
0.126976
-0.0946719
-0.316247
-0.0771694
-0.156587
0.136161
-0.0650768
0.100553
-0.125191
-0.024505
-0.293587
-0.272383
0.449203
0.31494
0.208215
0.527667
-0.673187
-0.333983
-0.259036
0.0143027
-0.167197
0.148653
0.177564
-0.295053
-0.65854
0.191503
-0.16705
0.52704
-0.210968
0.00320618
0.378157
0.309496
0.223297
-0.222563
0.305263
-0.0847628
0.0682278
0.109222
0.0107361
-0.138632
0.202539
-0.576445
0.0855366
-0.0953307
-0.15343
1.08209
1.03251
0.0371387
0.785906
0.101795
-0.187659
0.0177898
-0.082782
-0.035378
0.0864153
0.0207233
-0.015832
-0.0158637
-0.277805
0.0289924
-0.289196
0.98649
0.0559181
0.123715
0.0256355
0.203602
0.0363868
0.173452
0.00805901
-0.107817
1.14192
0.82883
0.0423527
0.271601
-0.0195704
0.0394336
0.709054
-0.08177
0.0580598
0.212766
-0.0831909
0.335554
0.154637
0.198435
-0.0860028
-0.00299326
0.134449
-0.123166
0.326122
-0.25651
0.211984
0.130662
-0.0721187
0.120159
0.0371472
0.29259
0.434542
0.523366
-0.562868
0.833378
0.419524
-0.285679
-0.179768
-0.0274816
-0.10078
0.14382
-0.180967
-0.0473798
0.13852
0.102708
0.335596
-0.0193141
0.411669
0.166993
-0.109126
-0.114914
-0.00908997
-0.34807
-0.480015
-0.0422365
-0.0123127
0.0271433
0.285898
-0.0255726
-0.00955146
-0.0485619
-0.0955014
-0.0504781
0.145061
-0.0180732
-0.292811
0.12271
0.528986
0.328344
-0.146313
-0.0255707
-0.540267
-0.332379
-0.334459
0.589916
0.00843152
-0.427686
-0.447747
-0.0733515
0.00547737
0.144948
-0.0821783
0.168381
-0.146608
-0.164223
1.4548
-0.258466
-0.189246
0.0743098
0.111175
0.845899
0.0245136
0.181746
-0.512522
-0.34902
1.20075
0.218041
0.0949378
0.485707
0.752414
-0.180061
0.0957461
0.447221
0.0545747
0.15605
0.0935748
0.120402
-0.0737416
-0.0539078
0.113318
0.351706
-0.000264402
-0.0244976
0.110049
-0.0449508
0.0542525
-0.666883
0.0453911
-0.977176
-0.512572
-0.0763613
-0.201916
0.320374
0.632572
0.0900214
-0.00258324
-0.518667
-0.0734734
-0.0373309
1.20109
0.184038
-0.0120229
-0.124507
-0.0895884
0.0920055
1.08704
0.372836
-0.21138
-0.0996444
-0.165572
-0.0571614
0.0262305
0.00675892
-0.130291
0.0472184
0.110374
-0.219569
-0.1453
-0.129662
-0.0851958
-0.2968
-0.405124
0.363583
0.947479
0.0216688
-0.261087
0.105711
-0.0785312
-0.306701
-0.0362991
-0.201445
0.0282633
-0.125727
-0.118374
-0.0746413
-0.256006
-0.375591
0.0905466
0.0117236
-0.519986
-0.0617902
-0.100331
-0.0454874
0.427969
0.427526
-1.07643
0.0496721
0.198253
-0.108369
-0.0201571
0.149132
0.103317
0.128533
0.00211959
0.0150527
0.149503
0.0762063
-0.1349
-0.137064
-0.125674
-0.0112443
0.000164552
-0.111828
-0.091983
0.0403316
0.605803
-0.478206
-0.506783
0.290089
0.0316928
-0.320831
0.834189
0.0737331
0.103527
0.0664672
0.187973
0.0749746
-0.123844
-0.0306316
0.0509818
-0.110733
0.188069
-0.0766812
0.372979
0.0618148
0.142277
0.132816
-0.12164
0.00293721
-0.127718
-0.0672028
-0.110025
-0.486225
-0.347836
-0.0752903
-0.193069
0.179305
-0.177905
0.0484426
0.0666336
-0.0504427
-0.129636
0.186355
0.167237
-0.0896578
-0.15545
1.21174
0.632115
0.320226
-0.246761
-0.214218
-0.0599916
-0.0110366
-0.359765
-0.072207
0.0152547
0.0726801
-0.154358
-0.249803
0.135441
-0.166744
-0.2077
-0.0289035
-0.211941
-0.128777
-0.33192
-0.16616
-0.537198
1.18921
0.262175
-0.0978873
-0.198077
-0.0375017
0.622428
0.332258
0.378091
0.265141
-0.053375
0.209759
-0.0837361
-0.213973
-0.0891259
0.205479
0.184706
0.213427
0.150697
-0.168221
0.231927
0.630268
0.203061
-0.172116
-0.09774
1.00422
0.399246
-0.27546
-0.163444
-0.18016
-0.144985
0.0826195
0.0282447
1.36405
0.232319
0.195096
0.077723
0.352347
0.404883
0.185775
-0.187476
-0.113805
-0.275095
0.913192
0.291767
0.107085
1.12185
-0.121007
-0.0432253
-0.10887
-0.305836
-0.264632
-0.313751
-0.301542
-0.342468
0.433485
0.114589
0.127193
0.10322
-0.375193
-0.26076
-0.217274
-0.128526
0.194584
0.185576
-0.440721
0.300414
0.357581
0.665779
-0.097163
-0.166676
-0.11793
-0.0555814
0.527702
0.389087
0.395074
0.00532627
0.0238266
0.15881
0.544779
0.172745
-0.175127
-0.0714461
0.0964017
-0.0689011
-0.0534996
-0.11198
0.145696
-0.00225164
0.0551181
-0.0300533
0.124591
0.204911
0.889341
0.23837
-0.0564415
-0.0338607
-0.560935
-0.0629218
-0.288578
-0.0721845
0.270176
0.234354
0.491515
-0.00707664
-0.0119443
0.0157744
0.138745
-0.581267
-0.20733
0.133064
0.190871
0.596378
0.00803863
1.08311
-0.236064
-0.639073
-0.0160355
-0.346013
-0.0253185
-0.325304
0.158938
-0.0345819
0.0476409
0.240015
0.0595339
0.0522092
0.0411987
0.0139291
-0.090313
-0.0943817
-0.0758339
-0.236843
-0.106769
-0.423838
-0.0103263
-0.179739
-0.21555
0.324094
0.136097
-0.168644
0.393701
0.267284
0.0869707
0.0417119
-0.310715
-0.0731234
-0.252693
-0.176924
-0.103572
0.220209
0.000510947
0.0591103
-0.219232
-0.349375
-0.0695817
-0.114871
-0.0191341
0.224297
-0.0736458
-0.307068
0.360578
-0.162093
0.515038
0.600896
-0.0394202
-0.177442
0.0338571
0.165558
0.546627
0.360613
0.0490421
0.181465
0.0075614
0.034364
0.355612
0.187179
0.306713
-0.419906
0.419096
-0.28791
0.155455
-0.140921
-0.172513
0.185934
1.51859
-0.114237
-0.173977
0.0956505
-0.163361
-0.163822
-0.131176
0.364468
-0.0513979
-0.0186723
-0.167803
-0.529816
0.0708516
0.278333
0.0659762
0.0515885
-0.225294
-0.0213613
0.0430621
-0.189654
0.026046
-0.171432
0.282417
-0.137338
-0.331419
-0.152367
-0.382995
-0.07371
-0.405028
0.52546
0.317339
-0.110814
0.234135
0.0735639
0.227461
-0.0295246
-0.135928
-0.0339868
-0.157857
0.00844568
0.560334
-0.452941
-0.153388
-0.156351
-0.303254
0.288019
0.168069
0.0577209
0.391382
1.25596
0.843234
0.728688
0.341497
-0.103447
0.171887
0.0397739
0.036677
-0.0854662
0.0754896
-0.297236
-0.179231
-0.0563884
-0.0234666
0.295827
0.140927
-0.4091
-0.187326
-0.215146
-0.184647
-0.229345
-0.014611
0.0337471
0.132148
-0.132692
0.183748
0.130074
0.110689
-0.505835
-0.302188
0.0940163
-0.0520178
0.0759361
-0.0782208
-0.963525
0.190945
0.0356472
-0.233703
-0.847624
-0.326453
-0.327058
-0.197849
-0.0789906
-0.0241679
-0.0331452
0.483856
0.362509
-0.153855
0.351604
-0.152092
0.164377
-0.198048
-0.177809
0.0861349
-0.152105
0.271529
0.0372157
0.0584953
-0.0209836
-0.253934
0.26002
0.0978384
-0.210062
-0.0849285
0.0126995
-0.0438919
-0.0196876
-0.330178
-0.0160987
0.0533068
-0.444905
0.48342
-0.37646
-0.0613444
0.0728241
0.0554278
0.0602333
0.752893
-0.0785316
-0.165456
0.363424
-0.896678
-0.141107
-0.229339
-0.724098
0.376758
-0.211626
0.109562
0.729572
0.250335
0.172214
-0.0392636
0.288207
-0.0393608
0.785788
0.0692503
-0.463911
-0.0387942
-0.0162795
-0.240255
-0.359673
-0.291536
-0.295073
-0.831936
0.0364732
-0.0244289
-0.317291
-0.0921563
-0.112678
0.0147129
-0.0973706
-0.0927925
-0.052476
-0.0024112
0.0187709
0.0603879
1.05741
1.46672
1.2649
0.678886
0.622288
0.783689
0.0703887
0.121566
0.00328557
0.073743
0.237313
0.0799212
-0.232001
-0.289434
0.626163
0.228919
-0.584028
-0.351788
-0.165726
0.520387
-0.107842
-0.181605
0.122436
0.0602594
-0.229615
-0.486263
-0.468284
0.0420625
0.0633568
0.0481657
0.0171649
-0.101736
0.248588
0.0183324
-0.0614322
-0.215783
-0.43299
-0.182151
0.409837
0.0788396
0.212975
0.346036
0.760061
0.201022
-0.122902
0.45458
0.386729
0.0639427
0.298125
1.35138
0.154538
0.308073
0.584087
0.139983
0.0155662
-0.61246
-0.126431
-0.0484228
-0.416943
-0.200466
0.0206488
-0.528777
0.108261
0.316509
0.0646534
0.150053
0.00539868
-0.070297
-0.0145955
0.224204
0.257894
-0.0253721
-0.00696919
0.204343
-0.243596
0.033564
-0.141038
-0.0176401
0.00681962
-0.0721628
-0.0468442
-0.191379
0.372204
-0.0663702
0.799294
0.303997
-0.100608
-0.339036
0.217362
0.022614
-0.271247
-0.405022
-0.164613
-0.968871
0.931243
-0.117656
0.507315
0.104073
0.249565
0.0946134
0.561178
0.182106
0.385825
0.121179
-0.34763
0.0509818
-0.160968
0.0328078
0.0282602
0.0221862
0.0405006
-0.177639
-0.304794
-0.035378
-0.213937
-0.13325
-0.0109836
0.0482944
0.230141
-0.515928
0.0433841
0.0747791
-0.0435194
0.0244119
-0.31735
0.116354
-0.206779
0.0284434
0.0168299
0.134414
0.078198
0.12687
-0.288299
-0.111565
0.0224426
-0.0461487
0.964728
1.54118
-0.0659337
0.184034
0.301943
-0.188289
0.553641
-0.236037
0.0745378
0.130538
-0.340154
0.171083
0.195651
0.198019
-0.157726
0.0596616
-0.451605
0.10648
-0.163078
0.107841
0.0779928
0.133535
0.582478
0.0837481
-0.238052
-0.290293
0.080814
-0.0205141
-0.0488606
-0.431142
-0.387718
-0.243412
0.200972
0.0475151
0.056629
0.151066
-0.172835
0.119054
-0.0896626
0.0420342
0.434249
0.0263338
0.382516
0.177446
0.0754692
-0.135331
-0.0204906
-0.191008
0.075584
0.0200889
-0.17216
-0.584544
0.070847
-0.218651
-0.212162
-0.170199
-0.150881
-0.0600255
0.129969
0.0520983
-0.447522
-0.286175
0.04509
0.29943
0.040232
0.204035
0.526407
-0.277861
-0.108496
0.366209
0.0824326
-0.374176
0.205227
0.13163
-0.160677
-0.106066
-0.0218755
-0.282868
0.354076
-0.317718
-0.194014
0.102196
-0.0141022
0.110552
0.256287
-0.0988643
-0.179758
0.0485536
0.0109362
0.192041
-0.064798
0.0414525
-0.380382
-0.275314
-0.172758
-0.215003
-0.346501
-0.218935
0.331981
-0.0962192
-0.203665
0.0342871
0.0535552
0.39183
0.162451
-0.149955
0.0865833
0.474986
-0.0445067
0.14135
0.0791812
0.362944
1.30382
0.0046763
0.0542819
0.167735
0.495139
0.060983
0.0968044
-0.170232
-0.265477
0.13787
0.0811496
-0.0156146
-0.187851
0.0989292
-0.240438
-0.00728007
-0.0349212
-0.140859
0.366122
-0.0359247
0.0488532
0.100241
0.238104
0.412388
-0.221115
0.0369817
-0.0175133
0.836596
0.541893
0.60445
0.846768
0.223084
0.114648
0.164156
0.616072
-0.0647249
-0.0481792
-0.172686
-0.147005
-0.0115392
-0.149039
0.127242
0.122066
0.801232
0.388479
0.094125
-0.27419
-0.100355
-0.100223
0.151785
0.529377
-0.931611
-0.2234
0.207909
0.517464
0.276047
0.00827596
-0.0831793
0.218482
0.215892
0.0827034
1.50025
1.10435
-0.0335171
-0.00710758
0.009499
0.0643154
-0.118613
-0.0289827
-0.0157825
-0.193845
0.0605834
-0.219179
-0.249909
-0.142895
0.103414
0.137229
-0.0729124
0.0254638
0.327435
-0.43982
-0.0350751
0.103987
0.00424468
-0.0662735
0.819469
-0.15778
0.0362281
0.0188092
0.0271847
-0.0387578
-0.261132
0.118618
-0.202321
0.0513623
0.0521638
-0.0756933
-0.0274757
0.246492
0.011384
0.0136449
-0.154269
-0.381431
0.0191856
0.117169
-0.594189
0.0892845
-0.35636
-0.15074
-0.318637
-0.124016
-0.135721
-0.246556
-0.113549
-0.485858
0.0215268
-0.00116394
-0.00522397
-0.236197
0.025232
0.300362
0.21094
0.0606059
-0.124254
-0.173295
-0.0356228
-0.130458
0.880488
0.107039
-0.0693845
-0.579123
-0.288011
0.0820819
0.70937
0.190697
-0.147975
-0.256225
-0.0157263
-0.111689
-0.209696
0.0171338
0.755965
-0.146936
0.150259
0.412657
0.149466
0.132413
-0.305593
-0.297869
-0.16097
-0.104285
0.153109
-0.467372
0.874058
-0.0312105
0.0431176
0.191744
-0.0764676
-0.0961766
-0.23889
-0.122747
0.178013
0.079241
0.154915
0.0322957
-0.182376
-0.0697769
0.267016
1.04343
0.205526
0.24842
0.106456
-0.331064
0.226758
-0.0967022
-0.155394
0.0260744
0.176877
-0.146581
-0.335734
-0.0145819
-0.0214491
-0.305367
-0.260465
-0.0252777
0.108663
0.0286367
0.0752777
-0.178691
-0.0633761
-0.0962488
-0.0558127
-0.274307
0.0952031
1.25319
-0.167466
-0.222391
-0.0331102
0.413076
0.330341
-0.0614142
0.33143
0.0149371
-0.330208
-0.446835
-0.174425
0.586087
0.877142
0.267358
0.256223
0.0194178
-0.212586
0.465288
0.222089
-0.000120827
-0.102754
0.492536
-0.315718
-0.451359
-0.0908574
0.190038
0.0188846
0.324673
-0.065442
-0.133562
-0.101893
0.582924
0.212353
-0.372242
-0.0265052
-0.279462
-0.285012
-0.202925
-0.21035
0.829019
0.0306132
0.137622
-0.234121
-0.322783
0.944781
-0.0476071
0.424682
0.337962
-0.228844
0.118355
0.436103
0.105798
0.0504688
0.11234
-0.0143936
-0.115697
-0.380438
-0.318933
-0.0890194
1.25995
0.20333
0.554035
-0.363796
0.050923
0.0406122
-0.0366989
0.23085
-0.0261136
0.022052
-0.228151
0.44946
0.371061
0.298326
-0.1376
0.138253
0.183117
0.281747
-0.0784317
-0.327022
-0.147745
-0.115559
0.474584
-0.168904
-0.191081
-0.423487
-0.0471438
0.0862762
0.130058
0.0215472
-0.138807
0.76821
0.0147426
0.0689001
0.0853141
0.0713243
-0.0939098
-0.194219
0.0868921
-0.136933
0.00987229
-0.164453
-0.267563
-0.0137101
-0.251832
0.0301333
0.423306
0.187819
-0.157219
-0.465361
-0.0455349
-0.102041
0.0284607
0.195989
-0.0634382
0.168548
0.509471
0.0563404
0.0638203
0.210826
0.414142
0.035628
-0.00898333
0.0191148
0.0599019
0.272816
0.271486
0.0940968
0.312597
0.0196023
0.0401434
0.069994
-0.211688
0.0754296
0.0544403
0.326669
-0.0070045
0.160547
0.625992
0.278607
0.0210402
0.0541157
-0.228441
-0.29721
0.0240591
-0.00522562
0.102678
0.107279
-0.459685
0.0523695
0.0372805
-0.129991
0.0701322
0.0148073
0.0660969
-0.161462
-0.416424
-0.202506
0.0522584
1.20818
1.43619
0.0546884
-0.117172
-0.0543475
0.739596
0.0463455
0.264232
0.0521286
-0.0935619
0.0950656
0.0255922
-0.190922
0.182224
-0.898898
-0.00577253
-0.419509
-0.0555883
-0.142971
0.12649
-0.286418
0.274453
-0.429213
-0.14596
0.0759557
-0.223072
0.204406
0.0306327
-0.322207
-0.497475
0.347715
0.011826
0.189597
0.163943
0.0671514
0.148804
0.225537
0.062336
0.0025858
0.259881
-0.00218522
-0.651471
-0.330532
-0.120846
-0.533286
-0.301944
0.107573
0.213414
-0.000691006
0.0701855
0.190877
0.338665
0.134611
0.0252634
0.47018
-0.141904
-0.0820033
-0.222645
-0.0143443
0.164118
-0.127066
0.243864
0.275197
-0.259604
0.096627
-0.170603
0.356519
0.44859
1.2952
-0.838298
-0.51003
-0.0927098
-0.461913
-0.120644
-0.282875
0.00396153
0.108261
0.00254859
-0.226154
0.195908
-0.00712684
-0.106081
0.0566314
0.173345
-0.0760855
0.0176866
-0.023507
-0.199515
-0.275817
0.0804988
-0.260068
-0.0921918
-0.345672
0.440273
0.0238838
-0.0048472
0.064348
0.0487856
-0.250994
0.0632467
-0.27351
0.0204093
0.292313
-0.2873
-0.430015
-0.169474
-0.379621
-0.353868
0.532953
0.232294
-0.121533
0.0549948
0.0181347
-0.101096
-0.146131
0.153503
-0.571286
0.470618
0.30494
0.182949
-0.457928
-0.638305
1.08399
0.22362
0.175967
-0.0465076
-0.22054
-0.777395
-0.0902603
-0.531303
-0.109492
0.0562569
-0.0559453
-0.568173
-0.398339
0.0767018
-0.256538
-0.00727007
-0.141996
-0.439732
0.0780173
0.117558
-0.00780009
0.0123473
0.0493593
-0.0903895
0.0464979
-0.0553986
0.0571672
0.172502
-0.219225
-0.369918
-0.194973
-0.198573
-0.120529
-0.246886
-0.0775844
-0.0793297
0.244284
-0.424966
0.361559
0.218547
0.125407
-0.138355
0.0390372
0.00803736
-0.0664803
-0.0523701
-0.115595
-0.136653
-0.109346
-0.0861769
0.165003
0.408951
0.384628
-0.675797
0.0771711
0.100466
0.108109
0.191442
-0.132661
0.441533
0.0366835
0.252227
-0.263028
0.227948
-0.0927037
-0.216263
0.0129
0.0124703
-0.126756
-0.205213
-0.0825918
0.164183
-0.235611
-0.896719
-0.135117
-0.295894
0.0224051
-0.0912865
-0.0125934
-0.11383
-0.0523638
0.33415
0.286244
0.392862
-0.413159
-0.369502
0.0692973
-0.131548
0.0315991
-0.0805335
0.0912533
-0.187869
-0.236194
-0.178625
-0.165094
0.311552
-0.162531
-0.132288
-0.185236
0.202917
-0.0761493
1.16794
0.503223
0.375269
0.263216
-0.367669
-0.207296
0.0547482
0.117633
-0.228098
-0.628026
-0.558257
-0.298168
0.29927
-0.00617079
0.103912
-0.302616
-0.0450401
-0.128327
-0.110963
0.177613
0.145847
-0.00871908
0.0135184
-0.415376
-0.181259
0.440285
-0.0721998
-0.0723407
0.206753
-0.306792
-0.129497
0.130879
-0.00221558
-0.107671
-0.0809584
-0.0251186
-0.116374
-0.271362
-0.327194
-0.325474
0.111789
-0.331004
-0.442207
-0.445591
-0.403916
0.125051
-0.074398
0.0185197
-0.0962429
0.222146
0.258801
-0.169738
-0.0217126
0.217807
-0.456316
-0.0537941
-0.119426
-0.183878
-0.638361
-0.232201
-0.0912252
0.373301
0.829035
0.565436
-0.133257
-0.0742961
-0.218531
-0.0649596
-0.165405
0.234949
0.578466
0.0235998
0.218953
0.335651
0.132426
0.0809186
-0.0519153
-0.0381745
-0.255755
-0.42558
-0.0488395
0.27007
0.941769
-0.0596063
-0.785318
-0.109781
-0.573223
0.0139225
-0.444582
-0.0622502
0.304645
0.0864475
0.16359
0.266649
0.0490421
-0.068494
-0.48992
-0.225244
-0.105321
0.0194088
0.390358
0.227511
0.0652911
0.090368
0.331107
-0.175569
-0.108194
0.0320421
-0.506596
-0.0726121
-0.218794
0.229107
-0.424292
0.122615
-0.0477175
0.340717
-0.145434
-0.0827837
-0.118104
-0.316219
0.583502
0.141459
-0.00253783
0.107536
0.0227699
0.343266
0.0687293
-0.10865
-0.255318
0.308512
-0.141161
-0.0456632
-0.263241
-0.176019
-0.0278427
-0.452511
-0.0732661
-0.0267778
-0.321693
-0.0784793
-0.0887796
0.212676
-0.307529
-0.0992878
-0.138712
-0.206281
-0.229598
-0.170242
0.726142
0.208244
-0.204708
-0.126961
0.170786
-0.126713
-0.0860544
-0.114265
-0.14483
-0.152226
0.0353507
-0.0147823
-0.159937
-0.154818
-0.154209
-0.117403
-0.373846
-0.0517833
0.0906451
-0.0803637
1.03176
-0.0905106
-0.0741885
-0.0495667
-0.151355
0.0941149
0.152819
0.477134
0.890809
-0.0579577
-0.106036
-0.161577
-0.144625
-0.0291414
-0.439248
-0.172308
0.268502
-0.230999
-0.930231
-0.224044
-0.261727
0.262235
0.0428014
-0.0432571
-0.00807374
-0.208859
-0.219953
0.073064
0.160233
0.507302
-0.100923
0.00440256
-0.207992
0.118061
0.127825
0.0928863
-0.104548
-0.209401
-0.311905
-0.378616
-0.0743993
0.144031
0.104071
0.227076
-0.0581028
-0.0470748
0.158408
0.0768035
-0.0168331
-0.182929
0.00565698
-0.174592
0.021994
-0.0507529
0.766079
0.0836747
0.083432
-0.0570077
-0.0576544
0.56662
0.0322675
-0.01478
-0.363306
0.983932
-0.0444732
-0.258091
0.773845
0.0764489
-0.0869715
-0.0478946
-0.0163682
0.098919
0.0788368
0.0502057
-0.0950713
-0.123276
-0.0485938
0.0324928
-0.011581
0.669056
0.616006
0.288991
0.0780128
0.0982
-0.457498
-0.193766
-0.295962
-0.3537
-0.21756
0.01963
0.013476
0.0955987
0.400111
0.0699809
-0.319375
-0.142918
-0.218335
0.114121
-0.0315062
0.087932
0.00231996
0.623594
-0.219821
-0.00153243
0.0738157
0.257071
0.166958
-0.19596
-0.0642021
-0.661818
-0.644737
-1.04783
-0.924331
0.0543534
0.0820184
-0.11761
0.400336
-0.0119846
-0.376007
-0.207789
-0.0173774
-0.00907403
-0.391712
-0.606572
-0.0916595
0.024895
0.313114
0.138882
0.0269924
-0.0190188
0.211669
-0.222129
-0.0322763
-0.335251
-0.101812
0.405863
0.484893
0.116608
-0.423167
0.00899614
-0.224212
-0.0868539
0.378804
-0.0808396
-0.62956
-0.0448513
0.351737
0.101667
0.961639
0.487976
-0.106904
0.0120598
-0.701076
-0.169911
0.171521
0.390138
0.0976642
-0.320896
-0.134493
0.192065
0.280431
0.332974
0.194141
0.130308
0.010023
0.0357356
0.157923
0.284352
0.315394
-0.109523
0.159835
-0.115813
-0.550947
0.302015
-0.310938
-0.165854
-0.529573
-0.554887
0.107354
0.17049
0.839531
0.174159
0.224444
0.236717
0.180477
-0.0259293
0.498926
0.0730328
0.3356
1.00928
-0.0864737
0.465587
0.131803
0.312277
0.195071
-0.190095
-0.474553
-0.97002
-0.194886
0.000607946
-0.589419
-0.214786
-0.198752
0.653917
-0.0447398
-0.387859
-0.187741
-0.131244
-0.182484
0.111919
-0.0265532
0.0104863
-0.152491
0.101107
-0.0552729
0.472825
-0.00606305
0.297688
0.419398
-0.00432943
-0.140826
0.23797
-0.0968481
0.0162078
0.0530438
0.142008
-0.0290884
-0.338144
-0.252636
-0.152656
-0.550836
-0.0890747
-0.0362092
0.0606711
0.0172054
-0.118215
-0.249047
-0.233974
0.150124
-0.0708461
-0.151047
-0.390975
0.0182491
-0.146167
-0.238958
-0.496678
-0.0477016
-0.621233
-0.286097
-0.491668
-0.220395
-0.221247
0.0289329
0.0471698
-0.174292
-0.221596
-0.100441
0.296933
-0.0385216
-0.295515
0.411369
0.0361873
-0.0281672
-0.854676
0.691486
-0.303684
-0.180188
-0.168133
-0.109449
-0.0827376
-0.177185
-0.190908
-0.212919
-0.039871
0.0803917
0.104924
-0.130654
-0.209247
0.860418
1.05961
0.702639
0.0848824
0.918356
0.178018
0.0414557
-0.45544
-0.346324
-0.0296796
-0.00497462
0.980939
0.237065
0.00914389
-0.0817164
0.0300634
-0.0119266
0.502473
0.917529
0.064169
0.449152
0.426773
-0.396382
-0.25751
0.173076
0.0699878
0.0232352
0.102477
-0.000508698
0.321631
-0.277798
-0.190962
-0.112952
0.141252
-0.236106
0.227163
0.366899
0.220652
-0.136706
-0.338247
-0.303143
-0.00509519
-0.209282
-0.128764
0.0183515
-0.0385563
-0.119899
-0.000389603
-0.590516
-0.645926
-0.241485
0.103801
0.0363152
0.178502
-0.120644
-0.186751
-0.440232
-0.472694
1.23554
0.92099
0.0611387
0.252971
0.0101495
0.0494071
-0.225534
-0.179401
-0.0427391
-0.109191
0.0829619
-0.318097
-0.455584
0.0467627
0.257376
0.117838
0.188047
0.0148395
0.202499
0.283956
0.0625921
-0.019771
0.201555
-0.209631
-0.06473
0.00171843
-0.182477
-0.194155
-0.0361393
-0.131192
-0.285538
-0.00530362
0.137241
0.937862
0.911466
0.155375
0.317584
0.185769
-0.0102937
0.378898
-0.327859
0.115102
-0.127699
-0.116593
0.119687
0.120515
0.133916
-0.127879
0.210557
-0.514294
-0.0669637
1.11213
0.335184
0.0140013
0.10762
-0.276357
0.113004
-0.00246405
0.230124
-0.263921
-0.449063
-0.300172
-0.258405
-0.0289214
-0.114859
-0.821809
1.19487
-0.0428623
-0.0958588
-0.377277
1.112
0.305455
-0.141576
-0.188054
-0.219335
0.395098
0.0781617
-0.42038
0.0789168
-0.714577
0.0479419
-0.261184
-0.221744
-0.283643
-0.188315
-0.264505
-0.17797
-0.242758
-0.108685
-0.00307793
-0.261944
-0.220954
0.0264403
0.411399
-0.0267232
-0.0614322
-0.478028
-0.431137
-0.298468
-0.109274
-0.39775
-0.0370615
-0.0336731
0.240298
0.0779097
0.558199
0.185889
0.0398419
-0.107186
-0.0128639
-0.488525
-0.29789
-0.0171942
0.058303
0.490434
0.127125
0.184607
0.403578
-0.0450094
0.0717499
0.540082
-0.0272758
0.101369
0.587723
-0.152277
-0.00794422
-0.129908
-0.0428896
-0.161255
-0.19709
-0.213771
0.321603
0.093934
0.183777
0.0430982
0.0420309
0.357366
-0.114863
-0.236
-0.0347255
-0.0736748
-0.236062
-0.263229
-0.028297
-0.0588898
0.0840978
0.14317
0.207014
0.446665
0.0946068
-0.325303
0.01963
-0.0093117
0.358384
0.0307572
-0.808575
0.147689
-0.659126
0.186626
0.126204
-0.257719
0.121349
-0.142321
-0.444395
-0.363921
-0.130138
-0.0889141
-0.0972453
-0.134531
-0.101799
0.0120492
-0.388574
0.258291
0.0421424
-0.88688
0.0385864
0.000209057
0.0219931
-0.0140428
-0.105246
-0.0874757
-0.043347
-0.0683783
-0.0204461
-0.0688795
0.0113353
-0.0137205
-0.0523804
-0.32094
-0.163755
0.0442448
0.0438032
-0.289054
-0.229917
-0.13584
-0.299153
-0.132807
-0.633876
0.0340947
0.201947
-0.00322841
-0.292048
0.818459
0.0551014
0.0154894
0.184865
-0.280604
0.344468
-0.225785
-0.143935
-0.0280225
0.196933
0.247623
0.0594423
0.329851
0.215739
-0.651016
-0.106655
-0.255477
0.268245
0.0462445
0.402174
0.130014
0.0948524
0.053995
0.772439
-0.0477431
-0.0721532
-0.212976
0.49643
-0.240819
0.170395
-0.230015
-0.559109
-0.165876
0.457091
0.493772
0.392921
0.227054
-0.0621712
-0.0184935
0.0533837
0.235219
0.07535
0.0504592
0.328912
0.807274
0.739467
0.0353962
-0.143584
0.233814
-0.304223
-0.00681066
-0.300872
0.945109
-0.0065096
-0.0602306
-0.160764
0.0658968
0.00579401
0.0632246
-0.170676
-0.145189
0.465909
0.416496
-0.246917
-0.564292
0.0984242
-1.05999
0.572196
0.67043
0.674953
0.307868
0.386352
-0.0481547
0.55458
-0.123012
-0.12673
-0.267456
-0.217447
-0.0494135
0.130953
-0.122634
-0.0294287
1.23183
0.00770684
0.834561
0.373198
0.264504
0.145071
-0.222465
-0.0900674
0.0952394
0.156883
0.686027
0.663167
0.216406
-0.227221
-0.353952
-0.222538
-0.00211045
-0.118696
0.0159396
0.0768323
0.173134
0.036206
0.474215
4.52981e-05
-0.185849
0.150635
-0.216313
0.537189
-0.132024
0.21903
-0.362919
-0.13967
-0.438815
-0.0118626
-0.180759
-0.262241
0.196206
-0.684289
0.0210828
0.127723
-0.146913
0.143142
-0.0752798
-0.094624
1.20843
1.2832
-0.345874
-0.22628
0.491862
0.611247
0.391681
1.30934
0.0118407
0.214917
-0.0227697
0.00931058
0.147503
-0.140783
-0.0502367
-0.0187181
-0.2113
0.436591
-0.431263
0.191712
0.176941
-0.608097
0.662883
-0.251689
-0.454669
-0.433612
-0.234253
0.285086
-0.144797
-0.209862
-0.314893
-0.294823
-0.321609
-0.284355
1.19196
-0.0663609
1.2634
-0.361441
0.283266
0.188039
-0.274956
-0.364179
-0.236906
-0.290887
-0.195143
-0.0593458
-0.0413332
-0.469019
0.135673
0.0602557
-0.128403
-0.0220293
-0.633478
0.370059
0.0572892
-0.0531068
0.0310118
0.0249179
0.0550356
0.148043
-0.285872
0.797668
-0.185297
-0.219477
0.329927
0.6082
0.428595
0.0347314
-0.036117
0.211453
-0.759577
-0.222521
-0.0885382
0.290654
0.0407925
-0.0787427
0.0792756
0.151368
-0.0439782
-0.0976757
0.244695
0.19617
0.119326
-0.0398267
-0.388134
-0.698949
0.351808
0.55808
-0.242749
-0.102783
-0.00925127
0.00863458
0.0533065
-0.0494877
-0.123852
-0.281526
-0.0891465
0.000242639
-0.0749804
0.0836039
0.448868
0.0060146
-0.167705
-0.298725
-0.0908954
-0.10841
-0.1799
-0.5084
-0.22006
0.00883363
-0.212802
-0.168375
0.154396
-0.529272
-0.156938
-0.0924394
-0.117375
0.100626
-0.205665
-0.0136588
-0.11897
-0.0552963
-0.512991
0.265906
0.166336
-0.269753
-0.0656234
0.0642604
-0.190843
-0.165224
-0.013027
0.571824
-0.0822156
0.0151363
-0.518158
-0.280886
0.112093
0.221548
0.685485
0.359318
0.102952
-0.41857
-0.0526426
0.207108
0.287583
0.142872
-0.0499043
-0.0107916
0.0476715
0.0624085
0.0943476
0.0150315
0.0261299
0.131102
0.213651
-0.0400165
-0.063245
-0.0798633
0.046499
-0.077428
-0.0779824
0.146293
-0.123956
-0.0273489
-0.0327795
-0.00851571
-0.19031
0.0163675
-0.673145
-0.0575293
-0.0571593
-0.237137
-0.331688
-0.0059684
-0.155344
0.0314016
-0.16409
0.0358924
0.21397
0.0356635
-0.0426052
0.159761
0.323352
-0.286076
-0.0512517
-0.0188371
-0.0760059
0.0365948
0.8387
0.862759
0.241955
-0.325825
-0.713874
-0.171365
0.205609
0.400461
0.0108029
-0.210132
0.0756797
0.497225
-0.26976
-0.0311035
0.147927
0.185576
0.238146
-0.585055
0.15103
-0.114554
-0.0983071
0.22326
0.11402
0.209027
0.46115
-0.533952
0.150622
0.887401
0.710931
-0.0398658
-0.0184058
-0.32951
-0.145431
0.293335
-0.130257
0.0346438
-0.0808534
0.0199086
-0.201224
-0.297629
-0.155314
0.0316911
-0.123936
0.0913855
0.0364971
-0.0300069
-0.287053
0.204342
0.55128
0.628796
0.0143772
-0.187764
-0.0937653
0.0684506
0.476826
0.224927
0.155725
-0.289242
0.199016
0.163229
0.0274128
0.357278
0.247692
-0.0201065
-0.143606
0.0883341
0.235428
-0.130885
0.0746502
-0.0108219
-0.0312487
-0.261863
-0.181294
-0.0685919
-0.0386954
-0.182068
1.01751
-0.121302
-0.0356521
0.0930761
-0.311645
0.0475634
-0.418226
0.597889
-0.178845
-0.128525
0.197942
0.0544148
0.0123568
1.19363
0.219063
0.0427079
-0.0501013
-0.144168
-0.183213
-0.358175
-0.253713
0.142173
-0.248103
-0.343256
0.217074
-0.13804
-0.263056
-0.132943
1.22202
0.10719
0.0865398
-0.128672
-0.426595
0.0795889
-0.0320403
0.174396
0.221792
0.0796945
-0.528248
0.0261928
-0.29349
-0.0613732
-0.667951
-0.13458
0.0575416
-0.207683
-0.432815
-0.0144598
-0.150611
-0.465426
-0.176227
0.130012
0.101589
-0.0939902
-0.0877355
-0.142214
0.10129
0.091576
-0.0642845
-0.283898
-0.233252
-0.303337
0.233971
0.15167
0.533756
-0.104542
-0.572888
0.0191595
0.22769
-0.136874
-0.116216
0.124555
-0.0579458
0.219894
0.198917
0.146094
-0.136673
0.248414
0.555308
0.0947679
0.331135
-0.141156
0.324501
-0.11028
0.0181074
0.243524
-0.217458
0.222472
-0.278143
-0.00508736
-0.131072
-0.515349
-0.0288513
-0.0976204
-0.109043
-0.707884
-0.544449
0.24342
0.29077
0.0811661
0.183115
0.0969343
-0.0179598
0.269673
0.0237249
0.0626722
-0.0496737
-0.763607
-0.434548
0.0396161
-0.0235615
0.0438917
-0.180055
-0.224412
-0.228943
-0.0873881
0.103944
0.66778
0.431372
0.800237
-0.0853741
-0.0178311
0.193612
0.145475
-0.138819
0.894465
0.206268
0.233753
0.20723
0.176724
0.101795
-0.27386
0.0132782
1.01029
0.284835
0.244875
-0.575214
-0.0191119
-0.141286
0.0648644
-0.223812
-0.013697
0.532824
-0.0946453
0.146864
0.314991
0.4895
-0.0215017
-0.0873628
0.120928
0.194222
0.115239
0.15104
0.122442
-0.196326
-0.10208
-0.0702375
-0.0108364
-0.0474987
-0.330699
-0.0354909
0.10715
-0.193763
-0.0819239
-0.182918
-0.185359
0.0662084
0.0215467
0.560547
0.0392556
0.0278274
-0.0106338
-0.0160173
0.0556215
-0.178046
-0.132288
-0.393268
-0.0160222
0.741189
0.124761
-0.012849
-0.177059
0.96917
-0.00924498
0.0248608
0.181529
-0.245853
0.262587
-0.177564
-0.0851926
0.145302
0.934074
-0.411778
0.154434
-0.24004
-0.179622
0.210191
-0.3294
0.334378
0.088356
-0.126568
0.170256
-0.136032
0.104668
-0.1093
-0.435114
0.074923
0.128808
-0.39347
-0.441155
-0.249479
-0.073957
-0.328665
0.103457
-0.151851
-0.0446422
0.0976283
-0.305207
-0.0125603
0.121718
-0.294956
0.00713208
0.760285
0.187933
0.112152
0.0415703
-0.157112
-0.254033
-0.341206
-0.0984455
0.161107
-0.176086
-0.338558
0.50878
0.304467
-0.270502
-0.48663
0.336493
-0.152408
0.0773519
0.530774
0.519777
0.0213298
0.0454087
-0.0448931
-0.0283448
0.32361
-0.203351
0.205704
-0.053418
-0.0179737
0.00740884
-0.00362146
-0.320279
-0.0686317
-0.0762956
0.29378
-0.361559
0.866388
0.083722
-0.236393
-0.148608
0.126429
-0.548018
-0.0990966
0.0560954
0.238378
0.0170174
-0.0941411
-0.254807
0.239407
-0.214635
-0.102895
-0.00383841
-0.282706
-0.0194851
0.0143244
-0.172216
-0.583232
-0.0450558
0.0875028
-0.0505062
0.368614
-0.486729
-0.219438
-0.212645
-0.446714
-0.311984
-0.986539
0.200589
-0.382379
-0.186939
-0.216858
0.0134206
0.0254769
-0.037841
0.725542
0.0160611
-0.354671
-0.387308
0.13398
-0.403827
-0.28144
-0.0325431
0.00862092
0.517474
0.0304284
0.311028
0.412129
-0.292901
-0.262205
-0.038395
-0.158324
-0.316451
-0.10552
-0.338862
0.0735903
-0.10278
-0.22939
0.156198
0.23222
0.77052
0.738958
-0.619263
-0.0712075
0.422449
0.781996
1.04872
-0.227743
-0.143208
-0.208492
0.326235
-0.250793
9.80967e-05
0.572546
-0.238978
0.109213
0.105951
-0.00767247
-0.0167544
0.1128
0.886293
0.795147
0.114625
-0.323564
-0.589392
-0.0712906
0.138969
0.102354
0.0851263
-0.309609
0.110936
0.189967
-0.291304
-0.0758925
0.0576044
-0.146746
-0.327641
-0.032014
-0.20005
-0.0581015
0.091615
0.00382967
-0.129555
-0.087885
-0.111552
-0.0107409
0.012959
-0.372845
-0.1862
-0.0813924
0.0756924
-0.0807446
0.12421
-0.0873185
-0.24836
0.118514
-0.422135
0.258023
0.0961432
-0.227981
-0.53303
-0.749459
0.00614845
-0.0709648
0.111031
-0.487358
-0.442606
0.677581
-0.0954614
0.288066
0.377332
-0.0329612
-0.127879
-0.0889737
0.107526
0.0615166
0.353847
0.262992
-0.19502
0.183607
-0.265904
-0.113603
0.772839
-0.238132
-0.140563
-0.451565
-0.131433
-0.433834
-0.0793439
0.118466
0.396751
0.0830076
-0.00617076
0.00211377
-0.0747488
-0.187179
-0.0289913
-0.349334
-0.220315
0.133598
-0.142634
-0.159716
-0.144351
0.769838
-0.529435
-0.112096
-0.358193
0.0240476
0.358871
0.0385912
-0.176763
0.11691
-0.106498
0.561402
-0.0504224
1.05223
0.551659
-0.0378226
0.010391
-0.145636
-0.0434322
-0.00379895
-0.13351
-0.244733
0.0846888
-0.403183
-0.17787
-0.0265289
-0.514286
-0.111949
0.0110669
-0.20916
0.156779
0.190745
0.460164
-0.0699514
0.131453
0.524467
0.0438032
-0.131661
0.204382
0.61416
1.10607
-0.0135381
-0.440112
-0.114914
0.109234
-0.733973
-0.131107
-0.271416
-0.320128
0.142998
-0.051417
0.200325
-0.399003
-0.346257
0.301481
0.539649
0.1585
0.142132
0.0152721
-0.248151
-0.0865847
-0.393656
-0.15653
-0.476025
0.22765
-0.0884155
0.299773
-0.13044
0.0461571
-0.0506738
-0.23833
-0.102606
0.65865
0.69589
-0.0442081
-0.0338553
-0.0465894
-0.181728
-0.209882
-0.236836
0.0905147
1.10839
0.035431
-0.0785114
0.0622866
-0.0220098
0.241811
0.435757
0.360546
1.16281
0.848612
0.228104
0.0249551
-0.335186
-0.457297
0.142163
0.326234
0.0810029
-0.392252
-0.0396849
-0.205995
0.451847
0.327701
0.40993
0.775524
-0.481261
-0.0348032
0.0186425
0.405585
-0.334436
1.12969
0.42861
0.126726
0.11526
0.0188655
0.285563
-0.0259448
0.276998
-0.162152
0.15238
-0.221202
-0.171131
-0.0284825
0.327276
-0.130754
0.123408
0.102309
0.100182
-0.0928442
0.11105
0.0502853
-0.143685
-0.0815435
-0.387388
-0.0117141
0.0348242
-0.195272
-0.222899
0.116966
0.0543215
-0.081358
0.164807
0.00647348
0.120893
0.438624
-0.0379614
-0.117315
0.170414
0.161208
0.517762
-0.204814
-0.148264
0.123304
0.407455
0.243853
0.716293
0.0271615
0.25544
0.0752961
-0.690744
-0.378591
0.175033
0.0988508
0.255914
0.192223
-0.0563438
-0.115898
-0.141068
0.285308
0.118401
0.0382392
-0.389081
-0.448471
-0.0343884
-0.187507
0.0309796
0.0532039
-0.205147
-0.0157952
-0.191281
-0.228069
-0.0748504
-0.122248
-0.0440452
-0.0213415
0.0108029
-0.375909
-0.369591
0.26671
0.0477694
0.120979
-0.189553
0.211678
-0.167623
-0.00935658
0.130979
-0.480565
0.274102
-0.253751
-0.0930214
0.0855288
-0.0439547
0.064926
1.3932
1.05046
0.0885352
0.073057
0.0169623
-0.0775944
-0.133936
-0.0481856
0.240201
0.135318
-0.0811355
0.0425041
-0.0123251
-0.157002
-0.14815
-0.541615
-0.135642
-0.0688925
-0.0334507
0.296778
-0.0289651
-0.0365977
0.311002
-0.317973
-0.160444
0.00255106
-0.235341
-0.237631
0.62349
-0.0248855
0.117281
-0.268691
0.0496154
-0.0635503
-0.146637
0.775763
-0.112346
-0.0977216
-0.0518817
-0.299919
0.00889603
-0.30248
-0.360432
-0.220192
0.205486
0.199195
0.310927
0.490495
0.00994496
0.0455301
-0.179783
0.0520443
-0.111976
0.0395244
-0.706211
1.04847
-0.303988
-0.0719664
-0.247478
-0.501391
0.185736
0.0882695
-0.326874
-0.14378
-0.547723
-0.464158
-0.152038
-0.0583802
-0.409166
-0.0838064
0.01264
0.182106
-0.0439996
0.0147543
-0.186872
0.0159989
0.248851
0.000122993
0.216617
0.166913
-0.139987
0.0392074
-0.0352138
-0.164854
-0.0498373
-0.00781005
-0.0726561
-0.280563
-0.148713
-0.0083748
0.00752965
-0.104751
0.0468297
0.193766
0.379275
0.0182991
-0.308379
0.171541
0.414954
0.0577018
-0.19977
0.0595497
-0.0376192
0.167303
0.0255382
0.0520443
-0.282932
-0.384332
-0.393568
0.192015
0.346333
-0.041444
-0.0253857
1.3393
-0.619506
0.179332
-0.241615
-0.618391
0.153431
0.18591
-0.100139
-0.0253537
-0.294325
0.0233963
-0.296573
-0.0571626
0.0737664
-0.0443329
-0.214439
-0.124551
0.122108
-0.108414
-0.0378606
-0.26321
0.00490073
-0.0691215
-0.275707
0.270313
0.108248
-0.478963
-0.303148
-0.379884
-0.602171
-0.188245
0.130014
0.0261684
0.92406
0.259979
0.145435
0.081223
0.34564
0.0372874
-0.390293
-0.0881429
0.609116
0.471746
0.501677
0.188656
0.110815
0.0350082
0.161113
0.0826748
0.364814
0.365753
0.180617
-0.394689
-0.0962488
-0.000943117
-0.0513661
-0.354955
-0.248083
-0.0980739
0.300219
0.34108
0.286083
0.0133982
-0.0383835
-0.109755
-0.0921146
0.209913
0.268383
0.102117
-0.149538
0.119524
-0.0636925
0.245224
0.0462534
0.540499
0.51496
-0.204775
0.00653836
0.188295
-0.0208608
-0.46578
-0.369814
-0.160634
0.197164
-0.0302439
-0.341236
-0.00480213
-0.426633
-0.697304
0.260512
-0.135843
-0.16319
-0.119862
-0.475847
-0.184934
-0.436216
-0.517962
-0.434763
0.0376123
-0.029369
-0.048248
-0.559156
0.0141548
-0.244395
-0.0725977
-0.0562873
-0.175223
-0.32895
-0.0743672
0.461327
0.0767655
0.251315
-0.423113
-0.382725
-0.116595
-0.0818525
0.134372
0.595081
1.38807
0.0507872
0.205773
0.341585
-0.116359
-0.0777578
-0.291369
-0.0602557
0.00751139
0.0360129
0.0486198
-0.168624
0.0185232
-0.302469
0.235381
-0.0546976
-0.066462
0.0629615
-0.00400858
-0.417413
-0.151934
-0.359267
0.252789
-0.257764
0.436678
0.178514
-0.86619
-0.0249126
-0.0660917
0.257016
-0.0121256
0.122158
0.0909823
-0.0584421
-0.0347916
-0.10701
0.0573232
-0.130832
-0.0364451
-0.374498
-0.0757405
-0.455496
-0.148943
-0.0103424
0.521134
0.12408
-0.0421414
0.0921915
-0.144521
0.0107607
-0.0655837
0.260982
-0.645445
0.497077
-0.0316257
0.0451673
-0.0490111
-0.127133
0.021035
0.696437
0.239058
-0.398168
-0.348517
-0.121564
-0.0811355
0.456858
0.361973
1.24838
0.297098
-0.398592
-0.587714
-0.143545
0.0716584
-0.037801
0.161283
-0.376335
-0.390938
-0.173894
0.0337182
0.21751
-0.00327838
0.386865
0.142196
1.01255
0.45719
0.0717387
-0.118601
0.00759101
0.0245276
-0.235444
-0.0597622
-0.377848
-0.0612706
0.0694431
0.107337
-0.310891
-0.202421
-0.0230401
-0.434391
-0.388193
-0.0691985
-0.1076
0.0815444
0.0367617
0.122267
0.0723037
0.942778
0.335538
0.005236
-0.202435
-0.0598917
-0.306075
0.431487
-0.124298
0.31178
-0.259643
0.22677
-0.233469
0.032485
-0.850832
-0.00802329
-0.141239
-0.500335
-0.199175
0.402644
-0.350945
-0.222716
0.483736
0.632104
0.554533
-0.0221253
-0.29704
-0.0501494
-0.0224243
-0.0608114
-0.177046
0.0746172
-0.320509
-0.0607311
0.0358343
0.216665
-0.0723096
-0.6281
0.415173
0.388847
-0.00678418
-0.466175
-0.122625
0.131885
-0.245731
0.0955701
1.36473
0.149232
0.0347196
0.0559948
0.033819
-0.0838905
-0.133334
-0.0856628
0.479952
0.386064
-0.206872
0.0922498
0.532711
1.03775
0.205833
0.148777
-0.21938
0.234672
0.31235
0.0105137
0.353414
0.282651
-0.321597
-0.117883
-0.021478
0.0894004
-0.405322
0.0925603
0.0381122
0.0284805
-0.0484871
0.121629
0.157177
-0.193558
0.0759163
0.605645
-0.408146
-0.0588346
-0.166592
0.322967
0.0470631
-0.30682
-0.24883
-0.483184
0.378583
-0.135752
0.20794
0.310242
0.341283
-0.0370581
0.0660987
-0.246231
-0.245074
-0.0439937
-0.0632107
0.0139982
0.056116
-0.0110377
0.606616
0.224586
0.923783
-0.740747
0.234459
0.687773
-0.344281
-0.241705
-0.0100168
-0.0637655
-0.10683
0.434067
0.032792
0.577229
0.251261
1.28893
-0.00882934
0.0143482
0.0720446
-0.0545478
0.245827
0.0180324
-0.594465
-0.557842
-0.182898
0.164279
0.0365768
0.206513
0.0850172
-0.18558
-0.359889
-0.345656
-0.561493
-0.660353
-0.708589
-0.204539
0.0477502
0.507164
0.199432
0.995611
-0.064189
-0.117337
-0.0138674
-0.0922157
-0.248035
-0.216713
-0.0917879
0.0201717
-0.061642
-0.26078
0.250161
0.320559
0.189345
-0.584031
-0.0463483
-0.230905
-0.0805217
0.0122737
0.413718
-0.353309
-0.125861
-0.0752558
0.439421
-0.10933
-0.262822
-0.161535
0.277449
1.13467
0.202007
0.188978
-0.0456935
-0.106583
-0.342823
-0.0284594
1.23445
0.447326
0.560855
0.21956
0.170791
-0.330453
1.23463
-0.171431
0.0658303
-0.237271
-0.0555664
-0.336576
0.446192
0.270152
0.116833
0.104704
0.0151765
0.0357754
0.0734037
-0.0510124
0.0558259
0.0756861
-0.0562713
-0.0184535
-0.0433469
-0.347011
-0.277707
-0.191368
-0.149381
0.540989
0.492836
-0.168439
-0.250506
-0.38229
0.153692
0.237595
0.10228
0.304768
-0.0928374
-0.130729
-0.156381
0.149814
0.00710769
-0.0244861
-0.312361
-0.0440642
-0.0321126
0.0944439
0.567159
0.936802
-0.837895
-0.507803
0.537246
-0.193093
-0.183636
0.492322
-0.0794777
-0.393953
0.149234
-0.112329
-0.26564
-0.283154
0.118437
-0.317925
1.24007
0.0729615
0.0309237
0.0785653
-0.0160178
-0.0653413
-0.0362933
0.226143
0.071347
0.0124513
0.279506
-0.168922
-0.216332
0.131929
-0.0266037
0.00214154
-0.195716
0.26626
-0.246979
-0.279991
0.00102677
0.0421296
0.138359
-0.0873886
0.00839562
0.499352
0.937566
-0.0366111
-0.246363
-0.167368
-0.272015
-0.427634
0.167858
-0.0578429
-0.384282
-0.203589
0.254404
0.531175
1.20944
0.350849
-0.12731
0.346438
0.98806
-0.210126
0.164908
-0.570033
-0.0999291
0.102595
-0.249473
-0.0021072
-0.276791
0.450144
1.0599
0.31855
0.168327
0.119173
-0.078962
-0.0920577
-0.0868975
0.274359
0.175444
-0.252276
-0.0821042
0.0184256
0.405996
0.180333
0.0475375
0.0622296
-0.0741006
-0.505312
-0.424609
-0.0137361
-0.965613
-0.199894
-0.00113716
-0.0609321
-0.659412
0.0801532
0.344137
0.050295
0.050078
0.254136
-0.258826
0.0805619
0.0703801
0.152373
0.224724
-0.0431105
0.0627829
-0.000632596
-0.18206
-0.210423
-0.159591
-0.201153
-0.0762376
0.00122599
-0.122162
0.0126236
0.017285
0.00854697
-0.0726225
-0.155113
1.19772
-0.0367164
-0.168063
0.388299
0.00672487
0.307952
1.11912
-0.0815138
-0.0124105
0.0462758
-0.168987
0.251448
1.11906
0.87051
0.633438
0.0661561
-0.208247
-0.0924165
-0.00997801
-0.0455724
0.00689112
-0.0393083
0.0428392
-0.129383
-0.0152543
-0.196529
-0.0867992
-0.0689783
0.124164
0.0185864
-0.107399
0.113606
0.336996
-0.251019
0.108322
0.0121071
-0.486987
-0.0122102
0.35343
0.183849
-0.86602
-0.0903435
-0.230447
-0.0413554
0.0123514
-0.0990363
-0.15619
0.0564974
0.369042
0.38894
0.0943596
0.31767
0.0194653
0.00213834
-0.221022
-0.377289
-0.103695
-0.529625
-0.356995
-0.239661
-0.341526
-0.0169435
-0.207933
-0.0452686
-0.0362933
0.0194199
-0.29374
-0.02485
-0.231538
-0.496583
-0.580135
-0.00734928
-0.119839
-0.267801
0.00161631
-0.24865
-0.501545
-0.0268221
-0.0243931
-0.193623
0.270392
0.247434
-0.117109
-0.626328
-0.260931
-0.613627
-0.206701
0.0271847
-0.236817
0.20105
0.506993
0.259739
0.64071
0.525804
-0.28482
0.0885725
0.0173327
-0.0133654
0.545966
0.502017
1.36279
0.564516
0.215096
0.836972
-0.205248
-0.00521063
0.262304
0.553711
0.0827377
1.11056
-0.454863
0.0396631
0.0267103
-0.32162
-0.0551351
-0.209165
-0.351444
0.0599704
-0.176928
0.050297
-0.314819
-0.215353
-0.251578
0.00676708
-0.0294375
-0.0915551
0.182661
0.105122
0.046948
-0.0794647
0.0357356
0.335949
0.347787
0.356536
-0.257616
-0.154098
-0.0199577
0.209664
0.339092
0.21775
0.0607211
0.285119
-0.0132676
0.584013
0.0288597
0.0296145
0.104325
-0.349782
-0.119038
0.250575
0.0891868
-0.293335
-0.324828
0.0849434
0.205672
-0.261379
0.119527
0.832686
-0.0366174
-0.00618702
-0.0692616
-0.152445
0.140558
0.390403
-0.165495
-0.17574
0.127864
0.05989
0.0365406
-0.0545213
-0.0468126
0.690703
-0.195799
0.252021
-0.217052
-0.0399407
-0.179046
-0.417461
0.274832
0.380454
0.175086
-0.0587376
-0.112226
0.393515
0.535608
0.0356472
0.381137
0.310975
0.495078
-0.206286
-0.0925418
-0.0705424
-0.165548
0.0406059
0.0707721
-0.0101601
-0.0561078
-0.0909384
-0.135709
-0.344042
-0.346519
0.0754045
0.200929
-0.344724
-0.274672
-0.141416
0.0787298
0.0851959
-0.126319
-0.0547338
0.0407149
0.287714
0.068556
0.0620679
-0.26987
-0.056867
0.08767
0.000635708
-0.158733
-0.0796449
0.293801
0.0793471
-0.167218
-0.0850034
-0.25411
-0.515148
-0.469456
-0.03133
-0.0204655
-0.25874
-0.00815122
-0.0497271
0.457441
0.116354
0.700984
0.0319446
0.0563099
-0.0953936
-0.282669
-0.242261
-0.102865
-0.378083
-0.321367
-0.10009
-0.66586
-0.145672
0.502968
0.371985
0.121934
-0.420247
-0.126351
0.187335
0.0402911
0.290308
-0.101396
-0.0116638
-0.55715
-0.290289
0.0922202
0.226468
0.220448
0.0681625
0.0489853
0.0295554
0.126081
-0.21021
0.130187
-0.277861
0.154082
1.08346
-0.191419
-0.273301
-0.170967
-0.120659
-0.132073
-0.283331
-0.00691012
-0.139396
-0.0444978
0.174034
-0.0134235
-0.0309838
-0.0336229
0.0182491
0.0806746
-0.314059
-0.163259
0.123315
0.0612145
0.843621
0.0765083
0.33736
-0.60831
0.418602
-0.102088
-0.303022
-0.0681223
0.345051
-0.493228
0.179752
0.148174
-0.0455972
-0.149376
0.152519
-0.0010222
-0.26142
-0.128533
-0.184139
0.0602894
-0.254729
0.128494
-0.125375
0.0646405
0.0346491
-0.210198
0.374046
0.473429
-0.179747
0.0951721
-0.0200485
0.147455
0.148887
-0.0557939
0.28728
0.0481453
-0.164214
-0.079341
0.0310721
0.041959
0.151371
3.33398e-05
-0.00935531
0.0912908
0.0438032
-0.0584294
-0.0980452
-0.944396
0.0620153
0.043445
1.04783
1.07188
0.702076
-0.152592
-0.306903
-0.0229749
-0.30385
-0.239155
-0.0334705
-0.3026
0.18082
0.0587735
-0.184749
-0.206214
-0.0549509
-0.033883
0.0317573
0.238198
-0.147011
-0.0432925
0.221503
-0.0325387
0.0245267
-0.0199988
0.197569
-0.38195
-0.00673486
0.377231
-0.112027
0.559582
0.0527321
0.076423
-0.0412617
0.301968
0.661604
-0.229652
0.188527
-0.08087
-0.0838048
-0.215991
-0.0400704
-0.120697
0.0883853
0.898326
-0.0657523
0.565567
-0.104259
-0.225003
-0.221635
-0.0235096
0.202558
-0.102173
-0.0850857
-0.0782553
-0.258604
-0.302198
-0.132911
-0.0696022
-0.0588
-0.448372
0.0677704
-0.188371
-0.0151747
1.01961
0.561936
-0.153725
-0.103623
-0.256061
-0.38791
0.201411
0.00961153
-0.408635
0.261648
0.0889005
0.101558
-0.123829
0.0574639
-0.427576
0.210122
0.0613442
-0.129677
-0.363292
0.353347
-0.0862752
0.153875
-0.0280032
0.0415703
-0.0122136
0.153371
-0.0744759
0.00472403
-0.00911656
-0.0871065
-0.0549101
-0.0857313
-0.0643619
-0.186042
0.32133
-0.089007
0.154573
0.180157
0.240624
-0.0673873
-0.227187
-0.486005
-0.0935195
-0.431842
-0.174092
0.0420449
-0.18306
-0.195163
-0.167475
-0.0321388
0.0167268
-0.169137
0.505138
0.24458
0.416634
-0.00209523
-0.0275527
0.0414667
0.0654413
-0.0219624
0.0314957
0.0762283
-0.0287062
-0.0736497
-0.067175
