-0.284633
0.338567
0.078792
-0.0984383
0.288136
0.0447139
0.144625
0.467217
-0.185652
0.483345
0.30871
-0.0229535
-0.247736
-0.14511
0.0293455
0.0365851
-0.279677
-0.419081
-0.611794
-0.206417
-0.00732998
0.1039
-0.421302
0.0575218
-0.671281
-0.118354
0.175852
-0.48211
-0.344406
-0.00281874
1.36044
0.00242706
-0.00140111
0.00986359
0.23522
-0.293921
0.0144449
-0.126218
0.499271
0.279391
0.0654609
-0.120966
-0.0600704
0.162377
-0.0854325
-0.0973687
0.00737713
0.122052
-0.472284
-0.326013
-0.206995
0.0220541
-0.428475
-0.0284394
-0.663281
-0.21612
-0.159002
0.22951
0.14023
-0.0445427
-0.0364459
-0.0110126
0.0173675
0.0920445
0.0331192
-0.291275
-0.0135146
0.731691
0.0133525
-0.0346409
0.0353939
-0.0510884
0.898505
0.0669818
0.0999052
-0.546865
-0.371323
-0.256071
0.229796
-0.0671555
-0.354308
0.230867
0.470454
0.361524
0.0762928
-0.0479559
-0.102792
0.0606991
-0.135623
0.0267699
0.103827
0.0736732
-0.0410696
0.0354417
0.0889704
0.00604926
-0.095455
-0.0159109
-0.00745078
0.0515081
-0.0992159
0.0869359
-0.0675814
0.233791
-0.221035
-0.157381
0.0255242
-0.0825414
-0.355235
0.0352418
-0.22519
-0.246045
-0.230509
-0.0542408
-0.243011
0.0747058
0.731951
0.431397
0.00378753
-0.00576165
0.0305823
0.0276255
0.114114
0.107934
-0.172417
0.0527275
-0.36964
0.24915
0.486877
0.201271
-0.233828
-0.0841263
0.053745
0.31246
-0.095948
-0.0296454
-0.116847
-0.050976
-0.0885405
0.150236
0.068768
0.0649844
0.17157
-0.109799
0.0383197
0.0691706
-0.288565
-0.0969313
-0.118519
0.530398
0.304721
0.0786308
0.177351
0.117544
0.0412618
0.263234
0.300799
0.299169
0.0721417
0.202549
0.313611
-0.381054
-0.5308
0.0449433
0.0418061
-0.229357
0.0738944
-0.0935098
-0.409516
-0.210923
0.478617
0.202134
0.107015
-0.0656127
-0.294489
-0.108966
-0.0111343
0.0677502
0.187424
-0.102015
-0.212299
-0.16811
0.144669
-0.0300862
-0.00334729
0.872742
0.198254
0.0589885
-0.0539531
-0.180999
-0.198553
0.981059
0.0835648
0.0447655
-0.0746039
0.0768504
0.0121802
-0.069395
-0.125984
-0.0618433
0.0810904
0.40328
-0.0650971
0.356264
-0.0435169
-0.226099
-0.620988
-0.533765
0.113147
-0.362659
-0.281059
0.0110726
0.0492669
-0.0718534
-0.0941494
0.0869562
-0.155204
-0.557585
0.00334989
-0.0576564
-0.0716587
0.0131563
-0.0900671
0.580754
0.0354472
-0.0205097
-0.172609
-0.396027
0.0633682
-0.155914
-0.31726
-0.174988
-0.0917955
-0.129537
0.212945
-0.2174
-0.337242
-0.076186
-0.0721446
0.00406884
-0.180648
0.04429
0.105735
0.0399178
-0.0328872
0.0272398
-0.0024439
0.200174
-0.0404496
0.276524
0.0141436
-0.205237
-0.0750566
-0.401055
-0.376489
-0.356791
-0.310448
0.0553077
-0.212154
-0.124222
-0.123548
0.235971
-0.0269237
-0.370631
0.197374
-0.0598715
0.0361809
0.127245
-0.158142
1.12726
-0.0805803
-0.263157
0.100916
0.474338
-0.077443
0.206985
-0.0714223
0.00590291
-0.302891
0.00166479
-0.332359
0.19313
0.0179644
-0.362992
-0.0133149
-0.163004
0.0163908
1.00058
0.824211
0.0708906
-0.583488
0.135064
0.4634
0.454543
0.682986
0.493504
-0.769907
0.242683
0.110758
0.0851578
-0.0237313
0.397597
-0.718398
-0.268454
-0.112713
0.0195051
-0.554456
-0.184725
-0.1004
-0.222742
-0.217281
-0.19833
-0.0319184
0.0972161
-0.0241727
0.161476
-0.0192361
0.0622256
0.0297252
0.204863
0.0286445
-0.0401808
-0.0342602
0.0861353
0.0714404
-0.0646107
-0.0400897
-0.313575
-0.303815
-0.158033
0.0253319
-0.0261677
-0.216355
-0.197222
0.121922
-0.127876
-0.34983
0.130562
0.101968
0.20854
0.0379071
0.519685
-0.0912498
0.551114
-0.181055
0.137557
0.145082
-0.236589
-0.0221285
0.177906
0.0215764
-0.093114
-0.110605
-0.182097
0.247913
0.363412
-0.197835
-0.109049
-0.562587
0.162762
-0.165517
-0.0332359
-0.0426187
-0.173049
-0.0350734
0.0188483
-0.12411
0.1479
-0.0966617
-0.138437
-0.000318644
-0.2692
-0.113244
0.591446
1.27994
-0.158412
0.119992
-0.0844471
0.0645731
-0.109091
-0.288635
0.219964
0.0402712
0.400245
0.0138845
0.0435582
0.0430003
-0.0744098
0.0315369
-0.239409
-0.0114607
0.00141882
-0.075443
0.243428
-0.173466
0.806636
-0.0201489
-0.00419621
-0.240157
-0.208688
-0.138298
-0.149538
-0.0341628
-0.119455
-0.655679
-0.424006
0.474445
0.628887
-0.245477
-0.0603705
-0.101188
0.971563
-0.0269177
0.460737
0.0457262
0.0912407
-0.0114607
0.0170337
-0.0244382
0.140153
0.0327885
-0.02894
0.440498
-0.432462
0.0430618
0.0128908
0.0523885
0.0532063
-0.0114131
-0.0525782
-0.309172
0.243637
0.309755
0.149297
-0.105228
0.0253576
-0.0414239
0.0689904
0.020724
0.315616
-0.0445428
-0.29632
0.00675765
-0.0470445
0.209268
0.180822
0.020724
0.120679
-0.140877
-0.472812
0.00329312
-0.0255825
-0.0743655
0.0330452
-0.25728
-0.0677166
0.059642
-0.155632
0.403826
0.66322
0.824474
-0.281944
0.34605
-0.179467
0.0853213
-0.104057
-0.371034
-0.236652
0.479559
0.0438712
0.316008
-0.022706
-0.0114455
-0.236346
-0.0970225
-0.0874543
0.236088
0.810967
-0.141929
-0.0794514
0.11356
-0.131137
-0.0070804
0.214744
0.5678
0.266813
0.0442814
0.302967
-0.0541126
0.0502563
-0.220493
0.373469
0.30069
0.0422688
-0.00173765
0.657031
0.317116
0.105516
-0.0742891
0.0901788
-0.159934
0.0963744
0.313716
-0.0470556
0.0223659
-0.0527734
-0.266287
0.206629
0.230211
0.460269
0.0512829
-0.00255733
0.580812
0.355357
-0.496479
-0.192661
-0.10326
0.040961
0.0346226
0.0213641
-0.220132
0.132565
-0.426574
-0.0479226
-0.0194787
-0.0611802
0.0650468
-0.104025
0.203309
-0.208541
-0.0694527
-0.0794044
-0.200417
-0.152663
0.095827
-0.029696
0.289732
0.117578
0.238774
0.408151
0.196212
-0.207413
-0.151142
-0.157166
-0.0603579
-0.0617316
-0.198615
-0.458731
-0.419096
0.0651928
-0.0622503
-0.0983183
-0.207199
0.13164
-0.189978
0.0693699
-0.328132
-0.0937606
-0.150086
-0.137253
-0.151177
0.140188
-0.0377021
-0.270117
-0.0143934
-0.188719
0.0543803
-0.020531
-0.221335
-0.370372
-0.11635
-0.0157011
-0.279558
-0.242256
-0.184347
-0.0948747
0.96937
0.0356025
-0.0471343
-0.379885
-0.347741
-0.0791122
0.0778958
0.082216
0.160281
0.0232943
-0.386822
-0.302397
-0.204522
-0.0957626
0.118709
0.0735965
0.151272
-0.071088
-0.0720301
0.0142386
0.126316
-0.0876804
0.0231863
-0.128517
-0.0717701
-0.104215
-0.407554
-0.0742835
1.16433
-0.278769
-0.00567425
-0.233778
-0.135814
-0.0904577
0.236237
-0.130941
0.233965
0.111085
-0.170378
1.03755
-0.0769057
-0.0294973
0.418525
-0.096781
-0.300724
-0.0618209
-0.0424732
0.644831
-0.0467834
-0.729644
-0.656352
0.431596
-0.0987347
-0.226297
-0.0284418
0.0493063
-0.132107
-0.0296298
-0.100381
-0.357816
-0.104022
-0.0884205
-0.0974311
0.0112234
-0.0634698
-0.13928
0.123996
-0.0119247
-0.118119
0.0271236
-0.257639
-0.154855
0.184624
-0.16755
0.564501
0.403063
-0.219729
0.025776
0.20268
0.0896783
0.151155
-0.0469724
-0.0537539
0.326807
-0.0664532
0.148864
0.00311027
0.013342
-0.445584
-0.0891709
-0.123071
-0.0877403
-0.263984
-0.314845
0.413293
-0.223239
-0.180999
-0.20643
-0.0744796
0.0209983
0.125158
0.492651
0.310342
0.0210982
0.00112283
0.018138
-0.120036
0.511725
-0.0871318
0.0117017
-0.0686628
-0.203591
-0.331599
-0.0821976
0.0264898
0.0783946
0.109606
-0.0211184
-0.166417
-0.0987306
-0.0432274
-0.0822602
-0.0933603
-0.0016647
0.193289
0.489695
0.16016
-0.323636
-0.277478
0.0768712
-0.361316
-0.0118412
-0.0113301
0.0850632
-0.16292
-0.0085325
-0.0672888
-0.0981933
0.0853232
-0.15731
-0.27442
-0.210885
-0.119895
-0.048549
0.317008
-0.148101
0.106934
-0.0522353
0.0235699
-0.0207434
0.000929915
0.439631
-0.142671
0.8969
0.806205
-0.0429451
-0.0771465
0.52547
0.0635859
-0.12039
0.00177618
-0.0567763
-0.0421062
-0.0229166
-0.32047
0.000699755
-0.0498571
-0.00754278
-0.107943
0.249751
0.0205294
-0.330862
-0.55697
-0.130664
0.165717
0.163379
0.817168
0.0804606
0.0531934
0.037923
0.0746916
-0.242808
-0.179092
-0.108617
0.133334
0.0667369
0.368784
-0.146871
-0.471537
-0.548981
-0.221118
-0.205657
0.775062
-0.196683
0.137995
0.0660063
0.55096
-0.157072
0.115332
-0.0160126
0.0152952
0.00208765
-0.015361
-0.0349201
0.0473325
-0.549021
-0.145737
-0.300684
-0.183028
-0.00950975
-0.102014
0.0493424
-0.067621
-0.0662041
-0.0255349
-0.17462
-0.499713
0.716456
0.619161
0.542765
-0.0902
0.133111
0.30483
0.21292
-0.175187
-0.271762
-0.0311532
0.0363402
-0.185696
-0.0303229
-0.0690198
-0.051651
0.382779
0.352677
-0.258233
0.0257997
-0.0874522
-0.00459237
0.0665666
0.100848
-0.147881
0.281537
0.0780385
-0.0349813
0.308653
0.0631471
0.13739
0.11407
0.534336
-0.173096
-0.236468
-0.0598022
-0.00218176
0.444565
-0.515243
0.126266
0.209017
0.152497
-0.00679057
-0.00874048
-0.122698
0.0497622
-0.0384727
-0.209609
-0.106219
-0.119341
-0.0632348
-0.204406
-0.0489228
-0.187648
0.0866503
0.888469
-0.120581
-0.120407
-0.0309503
0.0950665
-0.026375
0.0769381
0.0261716
-0.0885419
-0.0137619
0.0370977
1.01449
0.558056
-0.00481307
-0.147781
-0.195229
-0.0646481
0.170926
-0.0474002
-0.0591208
-0.0730167
0.208178
0.393636
-0.156821
-0.242001
0.0548714
0.420477
-0.100698
0.0692944
-0.0332728
-0.00596578
-0.12131
-0.180529
-0.0985306
-0.220831
-0.231442
-0.255727
-0.103851
-0.0752305
-0.226815
-0.213914
-0.0618769
-0.307405
-0.453406
0.0235701
-0.0639202
0.125684
0.00949961
0.068322
-0.0432811
0.016944
0.86604
1.12769
0.191946
0.28449
-0.0484891
-0.115649
-0.12452
-0.175435
-0.165905
-0.107594
-0.125055
0.114696
-0.0231252
0.0692363
0.0622164
0.311722
0.578942
-0.0148392
0.0148846
0.0157974
-0.388268
0.162029
0.510896
0.199161
-0.280432
-0.149474
0.140143
-0.267921
0.0532784
-0.0253192
-0.0941586
-0.164671
0.798051
1.00816
-0.0756828
-0.276209
-0.038519
-0.142076
-0.171379
0.259633
-0.0640268
-0.494954
-0.0463598
-0.132693
0.110768
0.172284
0.0929883
-0.0468692
-0.0476655
0.180437
0.35178
-0.0317119
-0.277994
-0.0151691
0.0444584
-0.047607
-0.107128
-0.120967
-0.0879869
-0.154766
0.467794
-0.023004
-0.0730728
-0.00680871
-0.1609
-0.120118
-0.123829
-0.305318
0.0479641
0.492595
0.242844
-7.37554e-05
0.155898
0.072855
-0.0985143
-0.0574571
0.215938
0.157799
-0.0318884
-0.0768486
-0.924109
0.0560094
0.31358
0.00618847
0.00741291
1.23751
0.039495
0.0322412
0.0161903
0.0667512
-0.51724
0.324109
-0.0288371
0.685212
-0.110327
-0.0971274
0.055748
0.102961
0.202238
0.0848971
-0.512404
-0.194339
-0.155698
0.0664815
-0.127807
-0.418356
-0.386066
-0.00614821
-0.192141
0.776599
0.268778
0.0142748
0.0993184
0.0570194
-0.0409844
-0.0183599
0.0247472
-0.278156
-0.00516728
-0.182244
-0.122965
-0.12684
0.0416477
0.0238892
-0.19412
-0.181355
-0.191898
-0.655403
0.147967
0.0284696
-0.174135
-0.397441
0.217767
0.187509
0.281904
0.274133
1.11198
-0.311749
-0.0322299
0.0766114
0.176497
-0.00804133
-0.146622
-0.249319
-0.855969
-0.144414
0.205686
0.182699
0.154691
-0.824498
-0.350749
-0.255482
0.041473
0.348036
-0.0821218
-0.276463
-0.0828826
-0.141844
0.0216746
0.724517
0.346481
-0.263317
0.180783
-0.32233
0.496369
-0.18071
-0.271894
-0.489984
-0.475691
0.426403
-0.0353534
-0.498545
-0.0586482
-0.0148696
-0.195985
-0.121432
0.352824
-0.101304
-0.161191
-0.117394
0.0704687
-0.169608
-0.234549
0.32888
0.0484581
0.143759
0.140391
0.289811
0.13673
-0.060348
0.617539
0.0885753
0.211923
-0.0627818
0.155573
-0.109439
0.107573
0.514471
0.797138
0.166561
0.237764
-0.02806
0.0506872
-0.112843
0.0567836
0.379033
0.323413
0.997896
0.0547296
0.279812
-0.0015295
0.678586
1.25994
0.336583
0.0934318
0.165632
0.132811
-0.309501
-0.15285
-0.39095
-0.031454
0.0438638
-0.0752511
-0.56324
0.216827
0.00871506
0.15988
0.523173
0.402615
-0.118839
-0.13928
-0.231088
-0.202128
-0.0657991
0.112069
-0.138209
0.227825
0.190442
0.045045
0.0223146
0.0841215
0.597689
0.488358
0.14437
0.106226
-0.119941
-0.19857
-0.405057
-0.308815
-0.299376
-0.141245
-0.511759
8.77963e-05
-0.083588
0.471394
-0.0211249
0.100864
0.0919105
-0.109881
0.0412499
0.0566149
0.180664
0.175593
-0.0488314
-0.345782
-0.652881
-0.0273204
0.348813
-0.0964181
0.154901
0.0967274
0.735112
0.261687
0.199122
0.178715
-0.077471
-0.0614045
0.262131
-0.385899
-0.166567
-0.0773204
0.0169051
-0.149122
0.0982799
-0.0779503
0.87802
0.201565
0.216743
-0.0837549
0.387072
0.621274
0.20981
-0.117268
-0.106889
-0.160572
0.147345
0.182229
0.0798113
0.469283
-0.196245
0.267461
0.203154
0.195264
-0.366384
-0.370516
-0.0267118
-0.056179
0.146769
-0.228572
0.0519509
-0.24519
0.0731464
1.80288
0.678473
0.417361
0.127113
0.248782
0.00764412
-0.221956
-0.41146
-0.564074
0.334481
-0.0517139
-0.228419
-0.233046
-0.291003
-0.120506
-0.353198
0.164192
0.132579
-0.312764
-0.439412
0.119517
0.892851
0.322979
0.301113
0.821515
-0.0604718
-0.690404
-0.359361
0.782642
-0.076186
0.0269243
-0.0399224
0.961344
0.80595
0.028967
-0.0247874
-0.019772
-0.102453
-0.392595
-0.143604
-0.143908
-0.0189669
-0.0366081
-0.0767425
0.224154
0.168018
0.250408
0.208637
0.32768
0.29127
-0.0141412
-0.0574583
1.36489
1.45835
0.145076
-0.048912
0.295755
0.262744
0.0948388
-0.0707865
-0.0584573
-0.130428
-0.0319737
0.391328
0.285853
0.0275509
0.0426357
1.08797
0.192025
0.34005
0.186474
0.0941593
-0.0329886
0.199061
0.0450701
-0.11538
-0.148191
0.0136486
0.132319
0.426524
-0.505355
-0.38029
-0.149711
-0.147061
-0.00988378
0.00645012
-0.209725
-0.0433766
0.423389
0.153513
0.0811922
-0.0298827
0.136139
0.244426
-0.126198
-0.0271251
-0.10113
-0.077695
-0.153537
1.35182
-0.249038
-0.228725
-0.534137
-0.044417
-0.218464
0.124206
-0.069589
0.138981
0.907402
0.0837997
0.185778
0.124819
0.197042
0.580873
0.104591
0.609591
-0.00607827
-0.109724
-0.00930675
-0.0415383
0.088764
0.0340731
0.0509398
-0.100749
-0.204725
-0.207497
-0.0956277
-0.201451
-0.21914
-0.164397
-0.490567
0.140277
-0.495627
-0.316277
-0.153692
-0.395599
0.00385604
0.743507
0.493805
0.30512
-0.205349
0.328418
0.278641
0.328105
0.348046
-0.0811495
0.177784
-0.213792
0.0121525
0.149042
-0.477828
-0.0115462
0.685248
1.33327
-0.198584
0.0663312
1.29123
0.101502
-0.341312
-0.207377
0.073998
-0.268066
0.490111
0.279952
-0.166163
0.115107
0.0849398
-0.1373
0.0347347
-0.0446528
-0.354534
-0.107205
0.149208
-0.450582
0.0734542
-0.013906
-0.178579
0.0284302
-0.379287
-0.297031
-0.341924
-0.399266
0.131376
0.573993
1.11237
1.75516
0.12855
0.276447
0.197326
-0.100216
0.0900505
-0.145648
0.239554
-0.174622
-0.106257
-0.116793
-0.19676
-0.117941
-0.16614
-0.187726
-0.192537
-0.182554
-0.101622
-0.0984233
-0.0721122
-0.145337
-0.0673434
-0.0676048
-0.0445279
-0.128866
-0.167621
-0.0245106
-0.190726
-0.233334
-0.389462
-0.309635
-0.0739929
-0.0215505
-0.124071
0.178037
0.645226
-0.000318644
0.109499
-0.394677
0.0735891
-0.0245761
0.236302
0.114956
1.04231
-0.168161
0.163779
-0.14356
-0.0500492
0.183489
0.0339764
-0.158756
0.603844
-0.0762491
-0.0823159
0.180659
-0.0288303
0.19594
0.241598
0.344942
-0.164689
-0.177745
0.198172
-0.104601
0.0103982
-0.00384985
0.00574195
-0.00188382
-0.0367397
-0.0655873
-0.100484
-0.233398
-0.221168
-0.194747
0.205561
0.00204947
0.164516
0.379481
0.638402
0.0918864
-0.0795347
-0.165904
-0.126499
-0.0251506
-0.257288
0.144729
0.325514
0.229539
0.0963453
-0.149273
-0.337947
0.0277289
-0.189719
0.156225
-0.173003
-0.625423
-0.106442
0.551527
-0.0161651
0.170737
-0.53493
0.173023
0.285617
0.439157
0.478487
-0.272785
1.11137
0.245954
0.128315
-0.0969394
-0.395963
-0.466164
-0.190192
0.18396
1.2963
-0.0476226
0.158925
-0.0578014
-0.000434973
0.0152611
1.5513
1.60799
0.45579
0.201115
-0.0367088
0.0209748
-0.132853
-0.05612
-0.0675358
-0.096165
0.0412857
0.640973
-0.154796
0.0809215
0.151023
0.266925
0.389317
-0.022028
-0.314695
-0.11466
0.195214
0.177604
-0.0516485
-0.0868224
-0.111101
-0.0280818
0.316513
0.30736
0.324464
0.324218
-0.290063
-0.268806
-0.366862
0.296325
-0.376677
0.139012
0.454482
-0.101567
-0.145344
0.577817
0.00798943
0.376353
-0.0419015
0.0646295
-0.492553
-0.219252
-0.240343
1.81375
0.130662
0.344346
-0.134518
0.3021
0.223201
0.25125
0.140491
-0.00125679
-0.130544
-0.207042
-0.207558
-0.160012
-0.0687302
-0.0236303
0.308654
0.0865413
-0.536129
0.63355
0.299019
-0.126879
0.211963
-0.0591527
0.126339
-0.35877
0.0522911
0.272451
-0.114936
-0.20715
-0.370684
-0.115196
-0.19156
0.352882
0.0791792
0.773238
0.467723
0.156411
-0.522407
0.690467
-0.0837338
0.0252558
0.42203
-0.504196
-0.265474
-0.0851477
-0.0225077
0.227057
0.48206
-0.0389251
0.0536765
0.169252
0.115721
-0.0131994
-0.00491186
-0.0291089
-0.473394
0.246037
0.659691
0.146546
0.31229
-0.3805
-0.252197
0.00431445
0.197453
-0.0982037
0.126475
-0.115812
-0.171053
0.318076
0.025039
0.384806
0.0374042
0.00792874
-0.0790527
-0.00900251
-0.151528
-0.0632195
-0.260103
-0.153524
0.676594
0.151711
-0.521174
0.427702
0.300609
0.0328785
-0.0168952
-0.155566
0.0195486
0.298926
-0.287833
0.316698
-0.276206
0.31533
0.30311
0.13219
0.268218
0.16868
0.379791
-0.59277
0.800902
-0.243733
-0.190083
0.638344
0.0346891
0.00669729
-0.604657
0.144816
0.18947
0.188977
-0.589108
0.00296503
0.232496
-0.0726644
0.157027
-0.25124
-0.0712037
-0.0729571
0.196659
-0.29103
-0.0198977
-0.0272569
-0.457271
0.181697
0.130554
-0.766388
0.404389
0.387315
0.0817712
0.0997401
0.156519
0.232225
-0.121353
0.59505
0.286426
-0.131968
0.106639
0.103381
-0.147392
-0.151082
-0.141318
0.0188357
0.549741
0.797152
0.111702
0.343403
-0.143244
-0.12479
0.0801886
-0.141643
0.237614
0.330196
0.0773203
0.148057
0.404753
1.00055
-0.257422
-0.260452
0.161462
0.245694
0.124379
-0.199334
-0.305246
0.0102585
0.312944
0.778547
0.320792
-0.187552
-0.105641
-0.282883
-0.135029
0.358428
-0.118912
0.24319
1.45825
0.345541
-0.103704
0.113748
-0.0146397
0.461915
-0.187213
-0.0926221
0.689271
-0.381059
0.163187
-0.365775
-0.217225
-0.0675095
0.460457
-0.445863
-0.121519
0.0294677
0.134886
0.0745523
-0.0880557
-0.401631
0.083316
-0.268253
0.176039
0.0920702
0.0732824
-0.0870311
-0.177538
-0.345939
-0.228349
0.442127
0.101112
0.0706641
0.35101
-0.859358
-0.354109
-0.405245
-0.15885
-0.212769
0.123339
0.119823
-0.307519
-0.695494
0.177229
-0.273021
0.464877
-0.0346559
-0.0722009
0.308237
0.327323
0.248839
-0.179221
0.27678
-0.105355
-0.0714362
0.105644
-0.0379634
-0.079328
0.248012
-0.652943
0.00636029
-0.209257
-0.160009
1.01872
1.00823
-0.0289021
0.615146
0.0741861
-0.196964
-0.00578077
-0.078483
-0.0154508
-0.00360288
0.00263495
-0.0167504
-0.0749765
-0.417024
0.00193959
-0.266359
0.84184
0.0614591
0.117989
0.156516
0.183563
-0.0752119
0.154367
-0.058524
-0.119759
1.46805
0.808778
-0.0419702
0.569814
-0.00121713
0.0501605
0.724367
-0.0946138
0.0124243
0.274526
-0.0852657
0.25831
0.229909
0.194596
-0.0701271
-0.00757541
-0.0328589
-0.103985
0.0967504
-0.409677
0.152119
0.0997269
-0.0357375
0.166141
-0.0719828
0.135804
0.28664
0.542452
-0.578838
0.919562
0.732429
-0.16137
-0.170563
0.0233391
-0.0552754
-0.010556
-0.107179
0.0306002
0.272798
0.0329043
0.18943
-0.0472034
0.163181
0.335994
-0.053335
-0.183979
-0.061372
-0.665231
-0.212873
-0.33118
-0.185501
-0.196063
0.227047
-0.0650501
0.00579411
-0.0552914
-0.063967
-0.0718071
0.152615
-0.0782454
-0.363623
0.0196695
0.479727
0.332298
-0.192749
-0.00879684
-0.420136
-0.527208
-0.275332
0.723887
-0.258211
-0.308798
-0.456604
-0.113775
-0.172791
-0.00860664
-0.125654
0.124366
-0.270828
-0.191465
1.75672
-0.252181
-0.335314
-0.0944727
0.142896
1.04272
0.0791889
0.249965
-0.255717
-0.482426
0.799335
0.103692
0.0514311
0.342411
0.352948
-0.225299
0.0860932
0.444714
-0.161746
-0.154169
0.111065
0.107671
-0.0411889
-0.0905491
0.100136
0.313951
0.00235966
-0.169281
0.0154422
-0.27501
-0.0331955
-0.670541
-0.118091
-1.04778
-0.555631
0.0263965
-0.385844
0.239668
0.616251
-0.0348864
0.0314275
-0.435226
-0.140958
-0.141725
1.29514
0.294969
-0.0466271
-0.170173
-0.113855
0.146073
1.30149
0.216531
-0.283039
-0.144934
-0.145197
-0.127724
-0.216637
0.0152326
-0.202912
-0.108158
0.0654993
-0.149932
-0.0898409
-0.232989
-0.0824691
-0.178755
-0.175915
0.354076
0.817479
0.0710241
-0.332135
-0.0739668
-0.156864
-0.182954
-0.110628
-0.124317
-0.0440762
-0.0839205
-0.0389993
-0.0942461
-0.33025
-0.301495
0.0123955
-0.0415249
-0.438017
-0.140253
-0.175571
-0.0712681
0.057725
0.346795
-1.26289
0.0947588
0.0978388
-0.214813
0.172996
0.176945
0.0180113
0.0925937
-0.102181
-0.0790841
0.111396
0.123504
-0.332045
-0.160191
-0.145404
-0.0970839
-0.0135717
-0.147377
-0.214789
-0.0038985
0.146662
-0.233007
-0.517056
0.276239
-0.0850209
-0.492498
0.673768
-0.0179707
0.0871701
0.143944
0.0812569
0.0383252
-0.217624
0.00825534
0.116953
-0.15444
0.168814
-0.148686
0.123888
0.149717
0.0213011
0.119327
-0.286937
-0.04033
-0.164592
-0.233688
-0.152195
-0.284197
-0.223242
-0.0826577
-0.24831
0.0792588
-0.181388
0.0198133
-0.0270286
-0.103368
-0.120269
0.351607
0.156325
-0.125896
-0.185505
1.36483
0.431907
0.389516
-0.146366
-0.349187
-0.124626
-0.039237
-0.133136
-0.039247
-0.106425
0.0705809
-0.247637
-0.291898
0.080503
-0.131674
-0.17036
-0.0720504
-0.0231963
0.0726236
-0.0521308
-0.134324
-0.50862
1.50898
0.420148
-0.317403
0.00675082
-0.110802
-0.146767
0.212264
0.208913
0.0077104
-0.145563
0.0849232
-0.0623428
-0.121673
-0.197122
0.215799
0.284142
0.293634
0.322959
0.0679467
0.14582
0.616006
0.243028
-0.0892281
-0.10831
0.908558
0.338054
-0.170145
-0.148381
-0.14344
-0.0710946
-0.286948
0.0066849
1.67197
0.149678
0.254002
0.15107
0.186165
0.292733
0.00141882
-0.262994
-0.175511
-0.771916
1.02745
0.182107
0.176732
1.00788
0.0999052
-0.0969155
-0.0730039
-0.333117
-0.420657
-0.134303
-0.248628
-0.41495
0.379206
0.159643
0.00654167
0.0196821
-0.350813
-0.169
-0.1664
-0.104215
-0.0146524
0.196406
-0.471074
0.107246
0.28632
0.802432
-0.121193
-0.0498274
-0.0272634
-0.0862585
0.493941
0.304288
0.330876
-0.164736
-0.124801
0.16844
0.438077
0.000676029
-0.151612
-0.0735574
0.144879
-0.0814432
-0.711414
-0.0809849
0.078987
-0.118809
-0.0221171
-0.0132659
0.257863
0.218474
1.07435
0.208576
-0.16288
0.0373366
-0.403421
-0.134559
-0.301795
-0.0404958
0.217999
0.0770257
0.439793
-0.0497615
-0.136934
-0.0466657
0.150782
-0.383234
-0.463035
-0.0850798
0.163522
0.478565
0.0219581
0.433332
-0.233322
-0.71281
0.224304
-0.734861
-0.0851894
-0.367229
0.131478
-0.000398127
0.111983
0.153408
-0.0679657
-0.0696896
-0.0987714
-0.0915028
-0.0850284
-0.185688
-0.0616407
-0.249817
-0.157471
-0.429763
-0.0275477
-0.153406
-0.144309
0.328483
0.0706601
-0.21082
0.471483
0.299891
0.058814
0.00400811
0.00086771
-0.0848096
-0.252618
-0.164742
-0.186893
0.107619
-0.0610007
0.0681854
0.010034
-0.282846
-0.206667
-0.0936342
-0.043734
0.18792
0.0151889
-0.162048
0.115952
-0.265923
0.521191
0.658823
-0.0812656
-0.0496314
-0.142673
0.204694
0.730258
0.433958
-0.00538903
0.139151
0.0244972
-0.17989
0.147942
-0.00172304
0.253757
-0.0630977
0.182386
-0.152556
0.162853
-0.226702
-0.266677
0.261551
1.68843
-0.216274
-0.0395818
0.0145823
-0.217748
-0.246234
-0.0327316
0.434969
0.0283735
-0.132266
-0.167442
-0.640266
0.0349264
0.208043
-0.0251006
-0.0373616
-0.308523
-0.0879214
0.159528
-0.244541
-0.115518
-0.301757
0.162723
-0.101326
-0.230019
-0.111429
-0.115761
0.19439
-0.113195
0.959286
0.184034
0.0874908
0.146408
0.0826402
0.201792
0.00416613
-0.236539
-0.0492145
-0.236384
-0.0546004
0.378626
-0.474266
-0.190129
-0.165996
-0.177281
0.02719
0.147652
0.0267045
0.558233
1.35426
1.28593
0.814505
0.369014
-0.179504
0.169233
0.0466064
0.0856502
0.0263182
0.0982997
-0.164427
-0.153249
-0.128258
-0.00230426
0.182554
-0.0243795
-0.423306
0.00141882
-0.176239
-0.226613
-0.20796
0.0713209
0.233359
-0.152988
-0.12689
0.190048
0.0897633
0.00321373
-0.696526
-0.503012
0.0545705
-0.102426
0.0359143
0.0258035
-1.09146
0.307604
-0.109365
-0.104632
-0.843846
-0.36304
-0.111966
-0.256965
-0.0411871
-0.181498
-0.187723
0.62302
0.450504
-0.166461
0.380819
-0.148029
0.0692551
-0.280838
-0.268912
0.0710762
-0.120594
0.398903
0.0625673
0.129039
-0.163077
-0.25738
-0.00164072
-0.0795397
-0.191594
-0.0840114
-0.116683
-0.00886487
0.0172321
-0.325409
-0.0389789
0.115976
-0.517371
0.505271
-0.284231
-0.210676
-0.0497553
-0.0110748
0.106395
0.859812
0.00494526
-0.361252
0.431479
-1.10823
-0.123869
-0.393346
-0.756743
0.34278
-0.518545
0.0521799
0.471639
0.181823
-0.05465
0.0571664
0.257257
0.376221
0.770455
-0.0710464
-0.285826
-0.0213819
-0.171928
-0.434057
-0.369367
-0.190512
-0.305042
-0.781277
-0.0406276
-0.261664
-0.040978
-0.145676
-0.198268
-0.0417371
-0.0268025
-0.161931
-0.11107
-0.1473
-0.0634492
-0.0863646
0.176653
1.73129
1.52812
0.673807
0.717718
0.683905
0.04549
0.0490525
0.205876
0.136326
0.217519
0.0515575
0.133143
-0.282555
0.498458
0.0922676
-0.57505
-0.457423
-0.254426
0.531296
-0.248433
-0.0877375
0.0698543
-0.0815811
-0.130844
-0.653748
-0.666023
0.0975481
0.057232
-0.102149
-0.012006
-0.295499
0.440014
-0.106981
-0.0810129
-0.391231
-0.449619
-0.171957
0.309678
0.062409
0.11086
0.196665
0.660519
0.154923
-0.114472
0.180302
0.329694
0.0077313
0.170509
1.60111
0.191471
0.190784
0.462638
0.0887303
0.0430996
-0.711189
-0.20711
0.0061188
-0.386367
-0.262227
0.0227393
-0.622043
-0.0814412
0.291636
-0.0891709
0.118287
-0.0614628
-0.0698818
-0.109996
0.151432
0.14001
-0.227947
-0.0366417
-0.0790717
-0.223892
0.204699
-0.0712167
0.069202
0.0247313
-0.0392015
-0.0922524
-0.0979365
0.300536
-0.0929019
0.881372
0.251989
-0.121684
-0.142915
0.105045
0.0443795
-0.111902
-0.386153
-0.0969423
-0.988083
0.370266
-0.00188826
0.281199
0.0935204
0.278845
-0.00526722
0.728928
-0.0183001
0.202773
0.0181156
-0.196737
-0.0243544
-0.301801
0.0715241
0.0490037
-0.020021
-0.112648
-0.0883452
-0.171683
-0.103189
-0.140153
-0.200128
-0.132941
0.0301655
0.0977275
-0.482372
-0.197104
-0.0535684
0.00572468
-0.140779
-0.376963
0.00481395
-0.24766
-0.00293996
0.0601437
-0.0253575
-0.00216404
-0.0826202
-0.0340664
-0.0834429
-0.149186
-0.083154
0.356428
1.82725
-0.115426
0.11524
0.127041
-0.236122
0.32494
-0.173412
-0.0582385
-0.0114607
-0.344437
-0.105321
0.171322
-0.0535221
0.0329012
0.11287
-0.692721
-0.134926
0.0615937
-0.125934
0.0748959
0.0270182
0.224344
0.0776865
-0.11861
-0.156257
0.00672655
-0.0897184
-0.0430915
-0.513271
0.0356496
-0.24191
0.00131096
-0.101993
0.0567319
-0.00635131
-0.427399
-0.0518267
-0.137296
-0.00476195
0.276871
0.0182494
0.246217
0.152328
0.145133
-0.173726
-0.0554086
-0.145038
-0.00518729
0.0191552
-0.24586
-0.506214
-0.0112199
-0.211308
-0.280982
-0.207231
-0.119358
-0.302465
0.0683464
0.227658
-0.311072
-0.212682
0.043735
0.260107
0.056495
0.114888
0.525731
-0.305964
-0.0317783
0.403231
0.0844937
-0.223315
0.0887892
0.0618008
-0.310436
0.0346597
-0.0859588
-0.322389
0.181495
-0.31933
-0.271613
0.0566491
0.0194541
0.0762844
0.513758
-0.00881309
-0.211288
0.0444406
-0.0149021
0.181916
-0.0550168
-0.0698588
-0.409643
-0.113914
-0.184557
-0.233494
-0.271147
-0.192586
0.119452
-0.0651698
-0.175647
0.156825
0.00418372
0.393597
0.00196521
-0.149136
0.130412
0.593131
-0.054471
0.135969
0.140348
0.507295
1.4311
-0.0201187
0.0612354
0.32299
0.413999
0.0528557
0.00957173
-0.15594
-0.186555
0.0174708
0.0675021
-0.0404662
-0.0896226
0.0739435
-0.123799
0.990585
-0.0792094
-0.0859061
0.389223
0.0109383
-0.0570781
-0.213161
0.0916769
0.519265
-0.161042
0.0734012
-0.141666
0.854279
0.678212
0.607826
0.405927
0.108249
0.00228417
0.1697
0.0818976
-0.0284532
0.0425619
-0.102735
-0.145474
-0.0731327
-0.362392
0.221932
0.131511
1.08286
0.442508
-0.0473756
-0.231927
-0.000969138
-0.0205196
0.653994
0.494616
-0.681755
-0.193785
-0.0168032
0.182804
0.233008
-0.149811
-0.167192
-0.0308968
0.0277859
0.0567731
1.68364
0.814603
-0.0256417
-0.132775
-0.0784995
0.0628792
-0.0674425
-0.0367025
0.0340233
-0.0856912
0.292363
-0.0405519
-0.242664
-0.104215
0.20028
0.260603
-0.177076
-0.125578
0.496663
-0.239989
0.0200892
0.0819509
0.273405
-0.144902
0.888243
-0.321817
-0.0840114
0.00445001
-0.0150406
0.00693571
-0.200348
0.184676
-0.207303
0.0553463
-0.0291478
-0.100106
-0.0423761
0.204188
0.0380744
-0.0295599
-0.159197
-0.320685
-0.208698
0.0387858
-0.585449
-0.0280139
-0.42403
-0.083012
-0.317843
-0.0987014
-0.291587
-0.266198
-0.0410962
-0.214034
0.134509
0.0361809
-0.0444022
-0.159022
0.0320763
0.276536
0.229894
-0.0581624
-0.209213
-0.166363
-0.0767686
-0.0577027
0.702345
-0.0695986
0.01853
-0.682635
-0.288617
0.125509
0.627012
0.1038
-0.18064
-0.310269
0.0770594
-0.00483016
-0.146652
-0.0651817
0.868817
0.015719
0.176391
0.387076
0.161028
0.162996
-0.230668
-0.0744491
-0.153727
-0.0475933
0.241958
-0.4346
0.934963
-0.0574568
-0.015817
0.0318536
-0.0121641
-0.146307
-0.245413
-0.0387896
0.158898
0.0641897
0.154913
-0.0158753
-0.0607657
-0.0135109
0.327982
0.897338
0.0646123
0.252873
0.0309802
-0.484237
0.179477
-0.178255
-0.151034
-0.0748051
0.207811
-0.0795437
-0.26825
-0.236042
-0.0609688
-0.162955
-0.125886
-0.145009
0.267018
-0.0641962
0.194393
-0.11245
0.0346288
-0.1088
0.0570187
-0.13279
0.122545
1.56297
-0.411815
-0.134999
-0.146767
0.216207
0.235873
-0.0532454
0.224001
0.0157736
-0.351009
-0.311291
-0.161616
0.430335
0.796692
-0.0158956
0.247849
0.0716391
-0.191799
0.502327
0.252074
0.0445362
-0.17978
0.56228
-0.601897
-0.438167
0.0670483
0.301625
-0.0404705
0.136469
-0.0709334
-0.154286
-0.126915
0.0857397
0.0881044
-0.129713
-0.0979114
-0.139447
0.088738
-0.108424
-0.517632
0.842115
0.121319
0.198275
-0.27374
-0.0688375
1.02221
-0.0350095
0.404023
0.319862
-0.181506
0.283237
0.38206
0.0133753
0.020724
-0.212554
-0.100519
-0.0537296
-0.331009
-0.197879
-0.140904
0.901946
0.466465
0.267472
-0.34843
0.159586
0.0401628
0.0414835
0.13256
-0.163546
-0.141531
-0.05631
0.382359
0.241019
0.249072
-0.178031
0.00393019
0.206361
0.228967
-0.0841271
-0.313117
-0.0224415
-0.114824
0.432556
-0.215435
-0.180926
-0.529526
-0.0619673
-0.0680629
0.0747642
0.0185718
-0.247914
1.38822
0.142754
0.189821
0.0654534
0.105424
-0.08258
-0.282106
0.0616239
-0.172594
-0.114079
-0.186244
-0.391918
-0.0972866
-0.225405
-0.121153
0.319933
0.0275967
-0.144946
-0.365842
-0.104479
-0.301065
0.0407181
0.280226
0.0436709
0.346986
0.700648
0.021823
0.0501029
0.325994
0.373181
-0.167981
-0.114992
-0.120348
-0.0275807
0.17028
0.178285
0.13085
0.221438
-0.174253
-0.00387586
0.0663251
-0.315634
-0.210232
0.06295
0.369376
-0.0402999
0.738021
0.680921
0.843425
0.106685
0.155225
-0.203665
-0.217521
-0.00618082
-0.00795231
0.0786455
-0.0454301
-0.354602
-0.157401
-0.00308729
-0.12517
-0.0725452
-0.0642437
-0.100072
-0.0811013
-0.51785
-0.344458
0.0150283
1.62982
1.70942
0.0418584
-0.100355
-0.0435947
0.177488
0.226499
0.646753
-0.026968
-0.0260109
0.222646
0.111382
-0.147136
0.0192953
-0.845135
3.93967e-05
-0.448547
-0.243583
-0.114969
-0.0246349
-0.341883
-0.0717897
-0.564398
-0.220773
-0.0629146
-0.179945
0.156876
0.0948863
-0.375658
-0.383732
0.36351
0.0236351
0.0633793
0.318229
0.312628
0.105974
0.150718
-0.0460012
0.00286789
0.00446989
-0.019642
-0.40552
-0.369401
-0.169541
-0.561414
-0.333046
0.0344985
-0.0630024
-0.0352712
0.0992095
0.243099
0.325906
0.348397
0.0914813
0.713634
-0.0704148
0.0309073
-0.154351
-0.0329865
0.10201
-0.154546
-0.0423278
0.242573
-0.121566
-0.0994317
-0.150876
0.398081
0.0166461
1.49376
-0.32621
-0.747761
-0.0923419
-0.304371
-0.1786
-0.170588
-0.0132447
0.00993348
-0.0609188
-0.295967
0.219588
0.0336376
-0.0644476
0.066387
0.276252
-0.201855
0.033327
-0.0268168
-0.185933
-0.370201
-0.14041
-0.328625
-0.127078
-0.280435
0.282761
-0.0442764
-0.114485
0.0472135
-0.000639077
-0.0638837
-0.0626539
-0.243763
0.0243521
0.331907
-0.290285
-0.300151
-0.0524589
-0.171456
-0.311934
0.481761
0.161215
-0.188107
-0.084349
-0.124708
-0.141414
-0.2609
-0.0331247
-0.526206
0.329539
0.299683
-0.101102
-0.49147
-0.733666
1.44163
0.214294
0.46273
0.163097
-0.0624611
-0.779687
-0.232852
-0.424129
-0.063364
-0.0449548
-0.356208
-0.683823
-0.175804
-0.0717226
-0.375893
0.037239
0.0686878
-0.219117
-0.0293049
0.00220907
-0.0306922
-0.022028
-0.0117244
0.0226231
0.136774
0.108644
0.239799
0.161668
-0.164621
-0.234207
-0.0448808
-0.0667863
-0.216794
-0.226023
-0.00716623
-0.240798
0.181421
-0.253176
0.349401
0.0754763
0.128978
-0.127445
-0.0422687
0.00349444
-0.0756758
-0.104439
-0.0495571
0.0296329
-0.255952
-0.0960167
0.456881
0.493608
0.705816
-0.622729
0.203335
0.13105
0.170295
-0.180921
-0.388502
0.356944
-0.0617438
0.204625
-0.222699
0.165962
-0.10782
-0.302643
0.0252128
-0.00334053
0.00805322
-0.164707
-0.0901542
0.0866304
-0.164641
-0.683556
-0.195517
-0.268188
-0.0292588
-0.0462228
0.00255322
-0.0460859
-0.0720301
0.430898
-0.0890104
-0.0679135
-0.218486
-0.161898
-0.137394
-0.177779
-0.036901
-0.245619
-0.1209
-0.252626
-0.376586
-0.272002
-0.203667
0.244268
-0.151539
-0.219809
-0.0261368
0.167452
0.0789037
1.24003
0.597945
0.487386
0.0448083
-0.285584
-0.286759
-0.0256647
-0.132738
-0.155367
-0.554449
-0.350633
-0.242488
0.094313
0.00960343
-0.0333258
-0.15573
-0.135984
-0.146046
-0.0597687
0.238409
0.0876708
-0.105205
0.0314956
-0.283419
-0.0952242
0.394081
-0.0699634
-0.0767906
0.15713
-0.345507
-0.05764
0.083392
-0.0632918
-0.163656
-0.154935
-0.0889478
0.0784819
0.00014737
-0.234811
-0.141084
-0.0517165
-0.386891
-0.456397
-0.497758
-0.354147
0.0750201
-0.0960809
-0.0609554
-0.0857676
0.431598
0.267935
0.22152
-0.040385
0.297216
-0.441126
-0.195499
-0.0325605
-0.355119
-0.607297
-0.163627
-0.127116
0.345547
0.78996
0.492956
-0.122566
-0.0495143
-0.159413
0.237276
-0.298317
0.319772
0.554195
0.0529087
0.310684
0.530014
0.0750557
0.118159
-0.160471
-0.291301
-0.344924
-0.424314
-0.129694
0.195725
0.764038
-0.0731455
-0.866326
0.0250358
-0.27993
-0.118323
-0.353339
0.0923229
0.257918
0.00380124
0.0332183
0.376141
0.0704118
0.056382
-0.358698
-0.233613
-0.0344446
-0.0632913
0.429466
0.222865
0.0112824
0.0618263
0.217565
-0.308233
-0.161898
0.0358808
-0.2615
0.166104
-0.00320509
0.110099
-0.18455
-0.0855935
-0.010906
0.460275
-0.162207
0.116093
-0.119673
-0.460674
0.697107
0.227913
-0.0660652
0.166139
-0.148056
0.25536
0.0526937
-0.134911
-0.349747
0.328487
0.0133379
-0.0181167
-0.0714318
-0.146911
-0.0803821
-0.443154
-0.00403529
-0.147459
-0.259369
-0.0773445
-0.0704238
0.232905
-0.355029
-0.417794
-0.15095
-0.0950396
-0.062714
-0.253554
0.830766
0.220026
-0.182214
-0.17957
0.0970609
-0.24337
-0.0988859
-0.219399
-0.142988
-0.263868
-0.027945
0.0529087
-0.177236
-0.259903
-0.188002
-0.200312
-0.259496
-0.0643165
0.100294
0.0467118
1.18801
-0.176602
-0.0502727
-0.0243456
-0.150038
0.0341032
-0.104215
0.377326
0.673612
-0.0104201
-0.155983
-0.303224
-0.0747347
-0.154639
-0.385481
-0.13701
0.054417
-0.186265
-0.708457
-0.241648
-0.432546
0.257981
-0.0414551
-0.108848
-0.0272404
-0.337536
-0.163999
0.076163
0.275391
0.327258
-0.159118
-0.0801655
-0.273486
0.0319887
0.0896421
0.133868
-0.223886
-0.305992
-0.320538
-0.340797
0.0569831
0.0979445
0.0407363
0.177636
-0.134178
-0.040209
0.206938
-0.0501475
-0.0866435
-0.167388
0.141823
-0.0836112
0.0433256
0.0430922
0.761283
-0.0141712
0.0480569
0.0186673
-0.0896631
0.55882
-0.0259493
-0.0680377
-0.398784
1.07605
-0.0856169
-0.399566
1.03091
0.0252349
-0.0644035
-0.144191
0.0293683
0.156427
0.0787159
0.0326641
-0.0507305
-0.328648
-0.103907
-0.0113024
-0.0475695
0.647885
0.466475
0.16633
0.0101738
0.087201
-0.565673
-0.213993
-0.459757
-0.356274
-0.21584
-0.0407399
-0.0914405
-0.110105
0.398401
0.0455476
-0.203373
-0.175824
-0.274048
0.155938
0.0686314
0.256263
-0.0430614
0.589259
-0.136799
-0.0534781
-0.0661594
0.325714
0.0289822
-0.121114
-0.0734575
-0.450147
-0.293957
-1.00597
-0.876178
0.0444166
0.211489
0.005036
0.432768
0.0229759
-0.44777
-0.201436
-0.0768617
-0.377597
-0.467023
-0.723316
-0.136482
0.0224646
0.172616
0.16659
-0.0900901
0.00164499
0.131003
-0.152047
0.0396706
-0.214603
-0.0915609
0.385423
0.0738337
-0.134704
-0.286433
0.0912022
-0.205032
-0.126919
-0.0259807
-0.154746
-0.659556
-0.0515865
0.698808
0.262573
1.0918
0.338345
-0.0438483
0.0312014
-0.677071
-0.259551
0.0516257
0.350231
0.0756448
-0.266753
-0.0623374
0.142295
0.093751
0.266328
0.213768
0.121095
0.0140727
-0.0615693
0.200221
0.327296
0.3007
-0.0602838
0.179553
-0.195784
-0.541168
0.210308
-0.231025
-0.203928
-0.430953
-0.638626
-0.0562583
0.0108157
0.248569
0.182479
0.0686077
0.198809
0.0321882
-0.119127
0.472995
0.0217907
0.00228963
1.12428
-0.0782994
0.570945
0.0053565
0.491025
0.0499195
-0.271116
-0.573535
-1.11296
-0.246921
-0.0338617
-0.700492
-0.181077
-0.110086
0.539901
-0.0916628
-0.296522
-0.126043
-0.200322
-0.245683
0.0609528
-0.176741
-0.0147122
-0.0609015
0.171053
-0.0438332
0.46426
0.184254
0.486253
0.603984
0.0725299
-0.0454258
0.0851483
-0.130544
-0.0799462
-0.0905135
0.0370527
-0.109718
-0.447066
-0.278118
-0.169662
-0.468542
-0.301569
-0.0959944
-0.0239256
0.151855
-0.217302
-0.0809193
-0.41756
0.0795571
-0.0934599
-0.0887772
-0.299201
0.151772
-0.00455397
-0.185927
-0.472227
-0.0865691
-0.432967
-0.316735
-0.479508
-0.306372
-0.267744
-0.225258
-0.150166
-0.0860875
-0.265125
-0.0980419
0.359566
-0.052094
-0.599311
0.518924
-0.0812331
0.039325
-0.982308
0.800776
-0.57316
-0.141974
-0.111454
-0.03056
-0.12256
-0.0931605
-0.281159
-0.262577
-0.125096
-0.038011
0.0337321
-0.092544
-0.225052
0.761791
1.12524
0.295026
0.245707
0.989039
0.181812
0.0238871
-0.387004
-0.336334
-0.0544227
0.274184
1.07515
0.276609
-0.29249
-0.03916
-0.113325
-0.0614407
0.451761
0.908816
0.117634
0.370466
0.372646
-0.315814
-0.287826
0.00731417
0.00307521
-0.0599195
-0.0694527
-0.0366443
0.320293
-0.31729
-0.184912
-0.048218
0.231045
-0.215832
0.297884
0.409838
0.442621
-0.0852938
-0.403917
-0.229374
0.0235837
-0.0808892
-0.19311
-0.0888048
0.00295603
0.0102224
-0.0126491
-0.598346
-0.673833
-0.254868
-0.0183974
0.0585125
0.35899
-0.0734073
-0.192414
-0.12848
-0.121025
1.13354
0.765638
0.0698915
0.105779
-0.0201251
-0.00769578
-0.0766604
-0.201528
-0.123365
-0.318349
0.00406407
-0.349022
-0.175286
-0.047607
-0.0392455
0.200353
-0.0107429
-0.0134376
0.287663
0.251014
0.0318483
-0.0541577
0.166614
-0.225072
-0.155978
-0.0370771
-0.0556171
-0.322315
-0.0282551
-0.248121
-0.241997
0.0381933
-0.0011254
0.831947
0.821727
0.0933386
0.21569
0.145343
-0.11856
0.280709
-0.350975
0.168713
-0.142956
-0.294482
0.119914
0.097968
0.0970658
-0.25049
0.244857
-0.393315
-0.0125548
1.41469
0.3576
0.0717162
0.104348
-0.184584
0.0355265
-0.141052
0.118732
-0.387229
-0.298589
-0.383668
-0.225786
-0.0985997
-0.155818
-0.475629
1.27927
0.105275
-0.00422185
-0.0181015
1.38644
0.409493
-0.0798796
-0.233371
-0.268008
0.449225
0.0858703
-0.381898
0.0835726
-0.300503
-0.0278458
-0.342566
-0.0534365
-0.149062
-0.0799002
-0.252735
-0.0928521
-0.315113
-0.197624
-0.065528
-0.320786
-0.347648
0.0387943
0.564029
0.0456716
-0.0301918
-0.257706
-0.22965
-0.0841677
-0.0950583
-0.272984
0.207704
-0.108802
0.235364
-0.0142717
0.543294
0.102015
0.0204492
-0.096781
-0.00875276
-0.482633
-0.268072
0.128121
0.14891
0.550603
0.106551
0.237507
0.436046
-0.0808604
0.181028
0.442088
-0.190336
-0.0101756
0.699606
-0.122513
-0.0986823
-0.181696
-0.0758553
-0.699475
-0.136472
-0.164015
0.323106
0.0309715
0.14541
-0.118323
-0.0202488
0.120302
-0.103352
-0.107552
-0.141697
-0.163245
-0.260146
-0.29844
-0.172975
-0.0482282
-0.0778532
0.136419
0.234513
0.41006
-0.159087
-0.289736
0.0564905
-0.086498
0.307514
0.012016
-0.44876
-0.0262997
-0.728568
-0.107444
0.0477585
-0.23684
-0.259777
-0.0589053
-0.386156
-0.1687
-0.313781
-0.136093
-0.241139
-0.14043
-0.13779
0.142994
-0.11948
0.164342
0.0702828
-0.660371
-0.0452242
-0.104687
-0.068643
-0.114181
-0.0939148
-0.121423
-0.190129
-0.123677
-0.108403
-0.0415936
-0.0520368
0.145447
-0.117859
-0.436249
-0.22688
-0.0541573
0.087914
-0.315174
-0.0661107
-0.186584
-0.237349
-0.180514
-0.773144
-0.0483792
0.196381
0.0372443
-0.24567
0.398601
0.0779523
-0.0115938
0.0627714
-0.249311
0.367047
-0.191816
-0.085816
-0.140041
0.133153
0.580989
-0.0631054
0.321934
0.28453
-0.649581
-0.0458787
-0.130234
0.469817
-0.0504035
0.246089
0.139208
0.0223597
-0.0033194
0.638078
-0.13928
-0.210361
-0.217465
0.48738
-0.193753
0.184202
-0.180191
-0.277577
-0.219376
0.71716
0.511882
0.570537
0.149208
-0.0194297
0.0529529
-0.0666741
0.271967
0.24385
0.115484
0.279195
0.724445
0.652747
-0.00836912
-0.11666
0.165363
-0.279023
-0.0449548
-0.224318
0.925283
0.0234336
-0.18546
0.0420621
0.289897
0.219889
-0.0380384
-0.195333
-0.151488
0.659696
0.470074
0.0239247
-0.613481
0.218228
-0.937156
0.449981
0.322807
0.743551
0.0550997
0.341957
-0.0612492
0.425464
-0.0901824
-0.148697
0.0594958
-0.242283
-0.0619061
-0.0522083
-0.176746
-0.076815
1.2129
0.0840263
0.954288
0.711435
0.421419
-0.0811139
-0.142785
-0.147256
0.0765021
0.154281
0.469645
0.671315
-0.59926
-0.216047
-0.472997
-0.0993743
0.160214
-0.0476459
0.0317711
-0.0158514
0.00604594
0.0905567
0.45772
-0.337707
-0.16277
0.133622
-0.18043
0.774224
-0.0927919
0.0755321
-0.333756
-0.457812
-0.471534
-0.0950009
-0.280306
-0.218124
0.00696689
-0.71605
-0.211296
0.0626885
-0.0577218
0.182952
-0.0964139
-0.110446
1.07466
1.60563
-0.28766
-0.208654
0.490974
0.638481
0.25221
1.33579
0.00355596
0.195896
-0.0570862
0.0311894
0.0856092
-0.0721082
-0.0635969
-0.124678
-0.225477
0.403277
-0.140916
0.18019
0.0454166
-0.551507
0.198476
-0.24155
-0.396617
-0.579379
0.0304999
0.155241
-0.123731
-0.038654
-0.325984
-0.225285
-0.107671
-0.0951651
1.59893
-0.0345244
1.64131
-0.187246
0.291334
0.0906482
-0.20433
-0.304953
-0.227715
-0.249688
-0.154405
-0.0125425
-0.0582697
-0.485689
0.225863
-0.0452959
-0.037662
0.00460889
-0.525163
-0.0522907
0.0564712
-0.1606
-0.0549474
0.158265
-0.0460125
-0.244705
-0.0791902
0.77161
-0.271914
-0.203883
0.274696
0.570018
0.390697
0.00340763
-0.103935
0.150638
-0.561776
-0.143231
-0.0745079
0.335247
-0.0308037
-0.129451
0.0676479
0.433081
0.0425666
-0.0603487
0.187423
-0.0944978
-0.432454
-0.39734
-0.474475
-0.646307
0.077128
0.440083
-0.247626
-0.162103
-0.109538
0.026522
-0.072962
-0.125521
-0.133194
-0.281612
-0.0629231
0.0926059
0.123929
0.0482528
0.49174
0.290136
-0.0545393
-0.234368
-0.258183
-0.115797
-0.214761
-0.779604
-0.209294
-0.0935785
-0.322858
-0.109439
0.187976
-0.545393
-0.248278
-0.143218
-0.0710464
0.0258334
-0.155102
-0.0228702
-0.0480088
-0.613895
-0.68736
0.299001
0.126724
-0.253765
0.00695996
-0.119756
-0.16578
-0.196666
-0.0221446
0.582261
-0.0981317
0.0128892
-0.139045
-0.123406
-0.0469193
0.135062
0.0728406
0.202853
0.0566271
-0.124214
-0.0653976
0.151807
0.209119
0.00736003
-0.055515
-0.0305131
0.0434176
-0.0984624
0.177671
0.134051
0.22574
-0.162127
0.275133
-0.0166242
-0.0697803
-0.0190866
-0.057255
-0.0708945
-0.115849
0.0771706
-0.0607491
-0.113535
0.217233
0.144928
-0.128104
0.0696
-0.969084
0.0292201
-0.106251
-0.238701
-0.25312
-0.0251551
-0.18567
-0.0260194
-0.130294
-0.0544807
0.28173
0.0333241
-0.0282438
0.287138
0.103698
-0.173106
-0.129755
-0.030091
-0.0252443
-0.0751124
0.375517
0.797741
0.0563684
-0.22753
-0.56291
-0.231002
0.278716
0.452222
-0.167506
-0.259426
0.153003
0.63132
-0.226475
-0.0812962
0.0999052
0.340879
0.391928
-0.672493
0.0297776
-0.138745
-0.231626
0.0587015
-0.0113059
0.0351953
0.286733
-0.173086
0.0757418
0.81923
0.599801
0.00770348
0.012663
-0.427533
-0.0990397
0.340874
-0.0888492
0.0018732
-0.232815
-0.0574543
-0.257148
-0.311877
-0.0885073
0.0868847
-0.0648531
-0.16292
0.0341066
-0.0479712
-0.280306
-0.0107102
0.418952
0.627459
-0.126113
-0.0106895
-0.222115
-0.0456532
0.409658
0.388059
0.0549427
-0.531428
0.0589696
0.209416
0.00262579
0.263762
0.143485
-0.0587904
-0.21409
0.00614488
0.0684967
-0.196638
-0.116783
0.000266751
-0.0891166
-0.268511
-0.072875
0.00914211
-0.0254685
-0.0550972
0.836604
-0.101787
0.0415297
-0.116475
-0.200945
0.140921
-0.443488
0.19185
0.4034
-0.120469
0.0986987
-0.454308
-0.208555
1.36061
0.0277148
-0.0432434
-0.0975224
-0.0902798
-0.0866036
-0.337382
-0.217407
0.0265327
-0.238516
-0.323789
-0.0748051
-0.120397
-0.13628
-0.0498904
1.53334
0.144462
0.00884332
-0.326703
-0.628192
-0.0598463
-0.138694
-0.389903
0.135
0.152943
-0.452389
-0.0887996
-0.25527
-0.19423
-0.620484
-0.259748
0.0583864
-0.288677
-0.563026
0.072753
-0.196292
-0.448232
-0.234678
0.302774
-0.097828
-0.132391
-0.124377
-0.24162
0.160102
0.502479
0.00743551
-0.343509
-0.455794
-0.256718
0.131084
0.220684
0.399689
-0.065689
-0.559216
-0.0454057
0.161884
-0.0779994
-0.095938
0.117349
-0.155367
-0.0146927
0.26697
-0.0617563
-0.150298
0.329404
0.542519
0.0593643
0.222883
-0.255131
0.250069
-0.240826
-0.12748
0.238208
-0.278477
0.0580483
-0.335115
0.0638441
-0.201542
-0.33816
-0.00585785
-0.0465581
0.165348
-0.625734
-0.405245
0.306747
0.501458
0.452285
0.330103
-0.00698534
-0.0230004
0.264986
-0.0533139
0.00682533
-0.112581
-0.969277
-0.599944
0.134068
-0.0147552
0.210272
-0.247832
0.0645592
-0.225422
-0.175167
0.217879
0.771483
0.314563
1.09323
-0.114123
0.057651
0.216769
0.103858
-0.0891692
0.922191
0.232473
0.442107
0.0582182
0.276982
0.0639783
-0.407064
0.0329584
0.821232
0.165068
0.285841
-0.575934
0.0645966
-0.12022
0.0314988
-0.167443
0.0403831
0.297781
-0.210451
0.0661133
0.497845
0.461512
-0.148799
-0.218605
-0.235745
0.229611
0.183273
0.174225
0.119664
-0.190558
0.0652489
-0.0806523
0.0356922
-0.0184281
-0.358548
-0.0558386
0.131697
-0.21218
-0.0860804
-0.168264
-0.165944
0.154502
0.0768638
0.461211
-0.00155243
-0.0463592
-0.272656
-0.0879744
-0.0737604
-0.239035
-0.0774653
-0.27388
0.123842
0.72139
0.298143
-0.107535
-0.153493
0.980095
0.133107
-0.0172877
0.374544
-0.273814
0.206314
-0.134233
-0.128107
0.0512133
0.80333
-0.311767
0.143875
-0.473406
-0.149877
0.107673
-0.475951
0.306822
-0.0291065
-0.188962
-0.174921
-0.29817
0.112891
-0.163784
-0.428933
-0.140644
0.208772
-0.309253
-0.503664
-0.21507
-0.0181599
-0.386055
0.0994938
-0.225259
-0.00592822
-0.0514054
-0.351218
0.0279523
-0.179854
-0.14169
0.0630406
0.814132
0.26989
-0.062273
-0.0649221
-0.137393
-0.560927
-0.36151
-0.0588577
0.0459991
-0.315289
-0.165106
0.48504
-0.0584573
-0.342914
-0.543613
0.151798
0.060781
-0.174348
0.345397
0.754156
0.0974215
-0.261001
-0.0950607
-0.15208
0.260093
-0.344764
0.0213088
-0.186185
-0.0739569
-0.253735
0.0499124
-0.362532
-0.170531
0.126958
0.123613
-0.280306
0.567863
-0.156325
-0.210867
-0.318906
-0.0552769
-0.465253
-0.0500241
0.0180181
0.249809
0.0581333
-0.265833
-0.0716905
0.130031
-0.299207
-0.262059
-0.0867581
-0.268382
0.0982245
-0.0811771
-0.145161
-0.678811
-0.0520935
0.220129
-0.135008
0.234823
-0.479265
-0.124431
-0.0688791
-0.313203
-0.113459
-0.948352
0.376006
-0.415553
-0.102563
-0.240581
0.14652
0.0359207
-0.0794225
0.710702
-0.0741777
-0.452314
-0.474494
0.108638
-0.388895
-0.357256
-0.0900614
-0.0461226
0.854277
0.00833828
0.309112
0.403313
-0.318075
-0.124592
-0.273125
-0.125183
-0.283537
-0.057013
-0.444507
0.216113
0.142368
-0.322661
0.254505
0.112124
0.884697
0.821032
-0.733345
-0.0873528
0.475007
0.749104
1.21609
-0.272967
-0.204276
-0.228935
0.337278
-0.196624
0.0360215
0.38808
-0.17093
-0.087314
0.0219883
-0.23198
-0.190982
0.0344517
1.30992
0.882501
0.00148213
-0.493466
-0.819049
-0.101976
0.312045
0.0693471
0.00791644
-0.225685
0.0356805
0.103168
-0.137089
-0.0462228
0.133146
-0.128734
-0.282015
-0.10354
0.0162787
-0.159669
0.0182352
-0.0144092
-0.244463
-0.250995
-0.121721
-0.152739
0.0568823
-0.195666
-0.186553
-0.419953
-0.280534
-0.108757
-0.0650791
0.0051299
-0.176156
0.0920219
-0.16862
0.108659
0.0588882
-0.205672
-0.494783
-0.699551
0.00383116
-0.173607
0.00935862
-0.610068
-0.684988
0.61478
-0.416747
0.260958
0.470512
-0.0635739
-0.0651674
-0.0221727
0.12901
0.0867898
0.240362
0.0651598
-0.165335
0.188325
-0.127359
-0.198167
0.618059
-0.135989
-0.153999
-0.224311
-0.151594
-0.408192
-0.128721
0.016323
0.516055
0.212887
-0.0427953
-0.0351424
-0.159445
-0.21279
-0.25348
-0.235494
-0.463939
0.0359487
-0.10891
-0.126427
0.0383011
0.586344
-0.400105
-0.0748765
-0.188085
-0.0845881
0.236026
-0.0987519
-0.23376
0.0276728
-0.0816389
0.697825
-0.0482811
1.34729
0.563437
0.0245818
-0.0616297
-0.089055
-0.00437108
0.184475
-0.149129
-0.198197
0.0583339
-0.31199
-0.0661135
0.0529087
-0.657491
-0.173412
-0.0689337
-0.0691471
0.0638678
0.0890174
0.382891
-0.036901
-0.0566882
0.449994
0.109006
0.0230526
0.243975
0.599644
1.24768
-0.131288
-0.457482
-0.0949957
0.148349
-0.951849
-0.0449483
-0.126781
-0.287074
0.146114
-0.064394
0.0567217
-0.36573
-0.288131
0.240863
0.404898
0.708751
0.0651702
0.107953
-0.228908
-0.254742
-0.433094
-0.192845
-0.263612
-0.0792723
-0.0589062
0.392685
-0.137112
0.0447529
-0.190129
-0.204839
-0.100108
0.481276
0.565971
-0.0888178
0.0728127
-0.134497
-0.351785
-0.264527
-0.0998111
0.170766
1.1467
0.132837
-0.0615338
0.0614127
0.0595075
0.397255
0.503454
0.521893
1.31131
1.24082
0.179427
-0.169014
-0.466588
-0.37914
-0.0161614
0.183398
0.13407
-0.409007
0.03881
-0.121578
0.390292
0.212343
0.386752
0.798397
-0.423339
-0.278487
-0.0234178
0.483978
-0.341917
1.35305
0.48868
0.0626622
0.0783451
-0.0526743
0.166991
-0.258736
-0.0403812
-0.230854
0.0589284
-0.109905
-0.371165
0.176874
0.269234
-0.106872
0.0981715
0.165928
-0.000887163
-0.194368
0.00305794
-0.0105337
-0.109634
-0.196418
-0.364829
-0.0144696
-0.0400991
-0.101923
-0.208684
-0.203725
-0.053589
0.0583884
0.149968
0.00770109
0.044699
0.277566
-0.16151
-0.138632
0.0335033
0.0835008
0.327953
-0.187344
-0.0992963
0.0698753
0.118955
0.480279
0.815939
0.00290559
0.256087
0.154551
-0.746677
-0.558591
0.237931
0.307004
0.132191
0.174841
0.0731531
-0.140659
-0.140768
0.163534
0.161448
-0.0133017
-0.259379
-0.359209
-0.132732
-0.041091
-0.0520298
0.0903599
-0.181248
-0.0560195
-0.172001
-0.0851816
-0.172073
-0.211225
-0.178885
-0.129955
-0.0141836
-0.129391
-0.06874
0.00186862
0.142493
0.0900767
-0.242861
0.160804
-0.00696333
0.020724
0.0868036
-0.291913
0.167074
-0.154877
-0.0944665
-0.0295503
-0.129813
0.127727
1.57878
1.3825
0.0101241
0.183818
0.109267
-0.0592764
-0.147775
-0.149408
0.130206
-0.44871
-0.035111
0.150494
-0.0301406
-0.147508
-0.483438
-0.23895
-0.195823
-0.206873
-0.173227
0.162624
0.0246902
-0.0729846
0.336174
-0.431961
-0.180603
-0.37952
-0.348882
-0.329861
0.539626
-0.109196
-0.0260838
-0.401209
0.0854722
-0.356428
-0.222614
0.488509
-0.114789
-0.0827861
-0.107108
-0.381001
-0.206105
-0.355388
-0.372671
-0.270743
0.0723058
0.132567
0.197841
0.577757
-0.105288
-0.0273284
-0.106495
0.0614526
-0.142255
-0.435406
-0.817922
1.42699
-0.250125
-0.113252
-0.30995
-0.422734
0.181625
0.0142557
-0.285559
-0.296231
-0.492865
-0.359825
-0.153071
-0.0517123
-0.336376
-0.0133739
-0.0589511
0.0335974
0.0693085
-0.0208303
-0.212943
-0.177644
0.259653
-0.000477263
0.165471
0.299909
-0.0981828
-0.168248
-0.118808
-0.208049
0.0084895
0.0155561
-0.0633253
-0.321061
-0.309716
-0.12921
-0.0718043
-0.086486
-0.206648
0.242701
0.330225
-0.384161
-0.41988
0.282023
0.290084
0.102754
-0.462238
0.140589
-0.0431654
0.138276
-0.0625944
-0.0286496
-0.377216
-0.326309
-0.30288
0.114216
0.301588
-0.0262218
-0.0867648
1.32996
-0.582515
-0.0741353
-0.190316
-0.570387
0.0798694
-0.0474376
-0.148214
-0.096102
-0.466962
-0.00583507
-0.442725
-0.201874
0.102806
-0.0429808
-0.0595127
-0.11366
-0.0300656
-0.149983
-0.0957816
-0.173973
-0.0669667
-0.0534391
-0.164015
0.204974
0.00932452
-0.523541
-0.365984
-0.327289
-0.453708
-0.25168
-0.0159299
-0.0253575
0.880101
0.126471
0.278699
-0.0609349
0.533435
-0.00345911
-0.57777
-0.0710018
0.675736
0.259715
0.163668
0.0635371
0.0214052
0.144433
-0.033919
0.0223954
0.329085
0.242958
0.14222
-0.472788
-0.0648914
-0.0545474
-0.0173795
-0.0734295
-0.265253
-0.0530233
0.239438
0.378644
0.421108
-0.131248
-0.0540521
-0.203005
-0.143929
0.100495
0.313879
0.182821
-0.0960088
0.0363961
-0.0281246
0.264746
0.181059
0.487444
0.317853
-0.155802
-0.0895035
0.404879
-0.0132022
-0.444108
-0.383039
-0.118428
0.213594
-0.0614225
-0.33715
-0.154198
-0.37184
-0.803268
0.258726
-0.219921
-0.274666
-0.118533
-0.190292
-0.287749
-0.486241
-0.653649
-0.506669
0.0792194
-0.0745441
-0.0486534
-0.514114
-0.115837
-0.191794
-0.246997
-0.0211812
-0.116842
-0.0836185
-0.454821
0.389843
-0.230238
0.0526327
-0.589342
-0.133419
-0.241711
-0.102279
0.143861
0.282633
1.68457
0.0339316
0.137292
0.182725
-0.162507
-0.0633908
-0.266759
-0.0400921
0.0405809
-0.181885
0.0352018
-0.211352
-0.165472
-0.0534927
0.617114
0.207758
-0.0864052
0.0779273
-0.317991
-0.177087
-0.154667
-0.307972
0.189627
-0.108151
0.347957
0.198767
-0.937241
-0.197413
-0.275187
0.212712
-0.152678
-0.010875
-0.0495255
-0.0352154
-0.0385464
0.0537531
-0.035392
-0.370293
-0.0810921
-0.314858
-0.215929
-0.56338
-0.307103
-0.0966005
0.37679
0.0270457
-0.0809556
-0.00778493
-0.102082
-0.0880424
-0.089391
0.155826
-0.62402
0.362118
-0.09194
-0.00303241
-0.304451
-0.0239231
-0.111839
0.620525
0.29382
-0.381604
-0.292732
-0.0278512
-0.123728
0.400704
0.558338
1.2105
0.258133
-0.341164
-0.720335
-0.157041
0.0359124
-0.0656063
0.126946
-0.223343
-0.272809
-0.170796
-0.0226358
0.095398
-0.0453356
0.458812
0.00286712
1.25672
0.415212
0.178594
-0.0207471
-0.107735
-0.224213
-0.37436
-0.218158
-0.406838
-0.174825
0.0519471
0.020724
-0.414248
-0.104702
-0.166431
-0.238579
-0.18463
-0.0759427
-0.191806
-0.00765505
-0.00943041
0.0324277
0.0936661
1.16209
0.327831
-0.121835
-0.247541
-0.0247458
-0.298685
0.610745
-0.107533
-0.0247874
-0.308306
0.00753856
-0.273636
-0.0529558
-0.78918
0.0287323
-0.233933
-0.390955
-0.125068
0.244253
-0.182139
-0.0167498
0.14718
0.58531
0.399071
-0.166363
-0.32482
-0.149904
0.0415416
-0.19753
-0.119511
-0.130233
-0.362944
-0.127339
-0.0402735
0.112646
-0.064722
-0.501797
0.558493
0.504965
-0.0699106
-0.377585
-0.00796832
0.0801176
-0.171654
-0.000263185
1.29761
0.457438
0.106525
0.130065
-0.0656633
-0.327378
-0.26383
-0.190451
0.382963
0.454239
-0.0285246
0.0377343
0.353213
0.938106
-0.0668987
-0.0011669
-0.23334
0.207272
0.315939
-0.0247783
0.144742
0.210351
-0.380533
-0.179406
-0.00117788
-0.0212019
-0.541522
0.317008
0.0526368
0.056466
-0.0585167
0.103064
0.129582
-0.522452
0.128519
1.02763
-0.443528
-0.0758194
-0.199592
0.386037
-0.0976678
-0.248653
-0.18305
-0.418364
0.365883
-0.0352205
0.0774516
0.242573
0.246838
0.0368108
-0.0855261
-0.303069
-0.224765
-0.0754056
-0.0765789
-0.0397637
-0.00826519
-0.0767643
0.573346
0.0539754
0.783325
-0.764712
0.118944
0.571575
-0.26585
-0.10165
-0.0977512
0.0120017
-0.208551
0.139766
-0.0245809
0.485883
0.103583
1.47569
0.0296514
0.0541178
0.0850748
-0.0721108
0.127947
0.0101695
-0.613729
-0.66482
-0.301396
-0.0991648
-0.000740996
0.173226
-0.000294397
-0.151305
-0.190715
-0.170368
-0.476601
-0.788362
-0.680905
-0.262699
-0.0301677
0.393076
0.117313
1.23538
-0.0521066
-0.130191
0.0481622
0.0863459
-0.283629
-0.231181
-0.14852
-0.141463
-0.242699
-0.308132
0.175981
0.155677
0.172265
-0.408893
-0.0139617
-0.117856
-0.12081
0.0360189
0.292332
-0.121264
-0.0583247
-0.123102
0.449441
-0.235279
-0.267971
-0.370891
0.248824
1.55133
0.170448
0.154885
-0.0472405
0.0312912
-0.517926
-0.629119
1.20532
0.382253
0.286782
0.187139
0.0744393
-0.315189
1.58197
-0.034434
0.0988564
-0.240633
-0.151251
-0.324744
0.298233
0.363694
0.0394196
0.0498089
-0.0896886
-0.188033
0.0753715
-0.0916982
0.0234727
0.13143
-0.073302
-0.195931
-0.126632
-0.363648
-0.258714
-0.117002
-0.102484
0.336956
0.236506
-0.211437
-0.211013
-0.315068
0.0450939
0.145375
0.0508522
0.308638
-0.00419678
-0.268757
-0.21271
0.264318
0.10522
-0.262411
-0.0527226
-0.0914667
-0.143038
0.246325
0.461991
0.676465
-0.912245
-0.463983
0.308733
-0.210823
-0.228082
0.411289
-0.157734
-0.4627
0.130852
-0.0756353
-0.164355
-0.361688
0.0249679
-0.17222
1.69931
0.286611
-0.157856
0.0883034
-0.0518513
-0.0656633
-0.0716401
0.158878
-0.0445762
0.0331747
0.29531
-0.291774
-0.198206
0.0517464
-0.132935
0.169205
-0.211972
0.21711
-0.277838
-0.261699
-0.1606
-0.226497
0.265831
-0.141863
-0.120006
0.487137
0.980278
-0.0849178
-0.199544
-0.392173
-0.34518
-0.715921
0.174308
-0.0495922
-0.27518
-0.167948
0.0485135
0.301494
0.700426
0.22865
-0.0682709
0.354686
0.990847
-0.167828
0.108393
-0.576256
-0.0780678
0.0621606
-0.218703
-0.128026
-0.111182
0.642665
1.1627
0.870394
0.0620423
0.143773
0.0559818
0.0182472
0.0674153
0.117203
0.060979
-0.242673
-0.00158764
-0.105972
0.235286
0.03488
-0.0131627
-0.0110679
-0.0280225
-0.480182
-0.355837
0.00993712
-0.993024
-0.369824
-0.0443529
-0.170031
-0.827533
0.0954918
0.792245
0.189866
0.151398
0.176962
-0.287145
0.0580179
-0.0345415
0.486257
0.0854897
-0.0539727
-0.0997269
0.0504893
-0.123231
-0.363061
-0.075209
0.0236594
-0.170673
-0.27145
-0.243458
-0.0078819
0.076895
0.0856648
-0.0206687
-0.1694
1.43207
0.020268
-0.0208374
0.251117
-0.114866
0.280524
1.1625
-0.0976607
-0.0821234
0.0702732
-0.153765
0.298816
1.16384
0.82752
0.542913
0.272867
-0.0852706
-0.0639136
0.0462055
-0.044971
-0.13369
0.0132809
-0.0487581
-0.0178026
-0.0181395
-0.276054
-0.0699824
-0.305218
-0.134444
0.0293003
-0.0876658
0.0656806
0.363807
-0.0683419
0.0051476
-0.0366939
-0.426662
-0.110101
0.25591
0.216229
-0.885242
-0.103624
-0.0819089
0.0902796
0.046304
-0.256172
-0.302093
-0.202808
0.200292
-0.208498
0.0871541
0.193758
-0.0179478
-0.00661827
-0.221185
-0.360627
-0.121071
-0.573693
-0.159572
-0.27179
-0.150635
-0.0428984
-0.142757
-0.14768
-0.0350412
0.078831
-0.308053
-0.277348
-0.244854
-0.286932
-0.638794
-0.213041
-0.141795
-0.298744
-0.126521
-0.253548
-0.481802
-0.0643286
-0.152431
-0.182094
0.250236
0.188323
-0.0888576
-0.618522
-0.185741
-0.635383
-0.235453
-0.0819896
-0.211711
0.0870612
0.37255
0.32606
0.537674
0.453155
-0.283739
0.0509115
0.0791823
-0.0843426
0.588899
0.38716
0.909416
0.440291
0.0196556
0.642611
-0.159177
-0.0812004
0.0749657
0.454337
0.0286445
1.46791
-0.204767
-0.0270361
0.0558247
-0.550188
0.0166911
-0.138587
-0.317604
0.078296
-0.132989
0.0167387
-0.335144
-0.164652
-0.0932028
0.0102255
0.0086804
-0.110376
0.0768882
0.0666438
-0.00312254
0.00293336
0.067903
0.125746
0.165072
0.383432
-0.136093
-0.273167
-0.127078
0.0500175
0.286467
0.144793
0.00257644
0.310875
-0.111667
0.426658
0.0504928
0.113031
0.0574773
-0.36914
-0.114184
0.177397
-0.0451771
-0.271185
-0.293525
0.0273612
0.117134
-0.20431
0.00861788
0.83411
0.00681524
0.0490778
-0.191225
-0.237463
0.0807022
0.42308
-0.1655
-0.138406
-0.0628537
0.0493784
0.0469168
-0.000318618
-0.0450844
0.498756
-0.112404
0.187391
-0.0910435
-0.0329531
-0.229254
-0.132038
0.0774826
0.239633
0.126238
-0.0270416
-0.0209747
0.506318
0.442022
-0.0641146
0.388405
0.776422
0.358512
-0.230347
-0.0690857
-0.129813
-0.170463
0.152618
-0.0126195
-0.048462
0.0399132
-0.0821272
-0.0994972
-0.0849053
-0.269354
0.13765
0.681656
-0.310074
-0.237897
-0.033689
-0.0202961
-0.0615429
-0.0968983
0.073455
-0.00738819
0.299118
0.0652885
-0.0337548
-0.224094
-0.0497421
-0.0256107
-0.065201
-0.160083
-0.159726
0.126268
0.00862585
-0.241637
-0.272089
-0.250922
-0.543413
-0.307867
-0.0670305
-0.0359221
-0.297137
-0.0638549
-0.0900671
0.273193
0.0843708
0.54136
-0.0783342
0.0304747
-0.104215
-0.224737
-0.326077
-0.20235
-0.618516
-0.474442
-0.236925
-0.318788
-0.0647581
0.43859
0.331522
0.0123719
-0.379633
-0.184155
0.0217133
-0.00564131
0.23594
-0.223996
-0.238342
-0.515001
-0.678651
0.0301044
0.556672
0.217736
0.143111
-0.0112762
-0.0823112
-0.0986033
-0.335023
-0.0232525
-0.283411
-0.136555
0.886371
-0.113558
-0.198978
-0.13746
-0.207755
-0.18775
-0.297124
-0.101102
-0.18783
-0.00714123
0.273679
-0.0655764
-0.0223337
-0.244603
-0.0739299
0.0298016
-0.280901
-0.198914
0.00146918
0.0815596
0.874929
0.0644353
0.236677
-0.541323
0.362994
-0.104412
-0.347191
-0.0768214
0.340301
-0.414521
0.180882
0.129868
-0.0548674
-0.282265
0.0936818
-0.0744
-0.097264
-0.100152
-0.204597
0.00904867
-0.369005
0.125362
-0.0851263
0.0120953
0.0646436
-0.289053
0.329267
0.427522
-0.169514
0.0925477
0.04104
0.0241066
0.0458896
-0.155935
0.111603
-0.134257
-0.240933
-0.124463
-0.113663
0.0223119
0.160565
-0.0230464
-0.0684129
-0.0362437
-0.0658103
-0.212332
-0.320268
-0.956818
0.136189
0.0380485
1.28808
1.40304
0.609787
-0.183914
-0.159071
-0.0662778
-0.237962
-0.20314
0.0248831
-0.219018
-0.0975691
-0.00184186
-0.254217
-0.187382
-0.0863646
-0.0050833
-0.072996
0.162995
-0.216589
-0.008523
0.236467
-0.00226306
-0.0404286
-0.0160248
0.242245
-0.184266
-0.100236
0.36107
-0.0754886
0.343338
-0.0409542
-0.041661
-0.0791565
0.194318
0.569109
-0.148261
0.278421
-0.126391
-0.0555645
-0.416622
-0.0986735
-0.0956796
-0.0101157
0.865737
-0.137678
0.483835
-0.293958
-0.324441
-0.324594
-0.195693
0.389794
-0.0819384
-0.0404834
-0.0760219
-0.31453
-0.141016
-0.0829979
-0.129089
-0.0850969
-0.231865
-0.0614628
-0.156524
0.00807106
1.13338
0.600904
-0.0682768
-0.198589
-0.210065
-0.590744
0.0133189
-0.163915
-0.499538
0.548148
0.0572498
0.075576
-0.254454
0.0246835
-0.468185
0.275486
0.0170821
0.0569687
-0.387389
0.357992
-0.159239
0.188278
-0.0693152
-0.0371873
-0.0815245
0.00167635
-0.0889152
-0.0717657
-0.0818235
-0.0725876
-0.115967
-0.0519445
-0.0794017
-0.214261
0.0736277
-0.180803
-0.0229994
0.110498
0.147018
0.0465203
-0.157555
-0.297361
-0.0700717
-0.322123
-0.114511
0.0428844
-0.257303
-0.277921
-0.146809
-0.0799462
-0.0426759
-0.224885
0.316501
0.0951672
0.415908
-0.00241196
-0.223715
0.0693872
-0.164322
-0.11332
-0.120469
-0.107533
-0.0430768
-0.100658
-0.0588244
