0.556439
0.323419
0.158929
0.101097
-0.032268
-0.106155
0.236625
1.02681
0.0361543
0.307979
0.851246
0.569912
0.024303
0.0703806
0.0794139
0.165881
-0.264074
-0.142669
-0.259738
0.247459
0.241402
0.135605
-0.105466
0.128362
-0.128036
-0.00117043
0.083148
-0.0604448
-0.114673
0.0161339
-0.106089
0.0400197
0.0252464
0.123144
0.210488
0.2265
0.215672
-0.434126
0.0810324
0.112131
0.00620618
-0.00803832
0.0638666
0.253109
0.149769
-0.0414566
0.172699
0.120192
-0.1815
-0.217999
-0.415298
0.181302
-0.38687
0.0101958
-0.390028
-0.0660565
0.183727
0.134206
0.149612
0.107192
0.0752311
0.282504
0.0164341
0.225022
0.0674603
-0.139652
0.695288
0.298339
-0.0489085
0.0961588
-0.107769
0.0971044
0.298164
0.123762
0.189276
-0.293093
0.0886013
-0.122853
0.135491
0.0943256
-0.283894
-0.293255
-0.0933616
0.0478012
0.0544513
0.00583151
0.102687
0.168302
0.0341128
0.0576125
0.0802967
0.111108
-0.0128334
-0.0281221
-0.0574533
0.0225979
0.117482
0.00899431
0.0867523
0.109531
0.0649314
0.00908082
0.146969
0.456793
-0.0251168
-0.0594428
0.217147
0.33897
0.244345
0.0969039
0.0533193
0.099693
0.0243195
0.17462
-0.0866312
0.111676
0.436513
0.337521
0.23137
0.174356
0.416533
0.176515
0.572639
0.237291
-0.0570108
0.149932
0.0266154
0.251457
0.298384
0.177848
0.300864
-0.0772997
0.241825
0.149917
-0.164297
0.0223713
0.0606613
0.352986
0.225216
0.235413
0.19862
0.302312
0.430001
0.0940596
0.0681026
-0.0114399
-0.272441
0.278173
0.319715
-0.197581
0.601208
0.127406
0.386559
0.187943
0.134113
0.396418
0.45392
0.132419
-0.207558
0.177551
0.249115
-0.406073
-0.226288
0.160257
0.0895671
0.0617445
0.142736
0.127338
-0.103021
0.0625543
0.299345
0.534195
0.111037
0.0474177
-0.0584167
-0.15203
0.157911
0.117086
-0.0194034
-0.455653
-0.0475955
-0.0281539
-0.331881
-0.0334382
0.00416126
0.454411
0.0598735
0.225974
0.0284243
0.355846
0.266855
0.0640674
0.0161763
0.12806
0.0902892
0.0730289
0.00556299
-0.033257
-0.100302
-0.105014
-0.0403621
0.1746
-0.200381
0.0946848
0.0402419
0.476205
0.0286264
0.0947918
0.0541089
-0.0223551
0.0470197
0.219053
-0.0116132
0.0887881
0.0652868
0.0635163
0.0961962
0.0250919
-0.00423926
0.248699
-0.00983463
0.309748
0.0782782
0.476844
-0.0909619
0.0481692
-0.0995714
-0.475791
-0.0555699
-0.0375849
0.0373736
0.289863
0.263581
0.212521
0.249153
0.0868138
0.0755684
0.116333
0.15299
0.203856
-0.130288
0.0637858
0.0632551
0.0732771
0.119255
0.0366353
-0.0323136
0.156413
-0.0870736
-0.463208
0.0115338
0.10372
-0.0707548
-0.398219
-0.259216
-0.368335
-0.266144
0.16387
-0.231087
0.32169
-0.100469
0.157196
0.0594357
0.0536397
-0.0869379
0.187529
0.0846047
0.376969
0.0406592
0.155245
-0.0607933
-0.00989784
-0.131408
0.294264
0.0232153
0.399351
-0.0329601
0.1428
-0.12386
0.167628
0.0239704
0.429642
0.040788
-0.186744
0.123348
-0.0201566
0.403228
0.252882
0.116912
0.11637
-0.137194
-0.165285
-0.0766625
-0.534671
-0.0225689
0.0587712
-0.943457
0.256026
0.0557548
0.131205
0.084918
0.133897
0.00841151
-0.268941
0.0963866
0.111348
-0.0688989
0.198093
-0.213282
-0.0733763
0.330006
-0.0809686
0.397153
0.898424
0.103511
0.295417
0.0567111
0.0434455
0.0927751
0.371253
-0.0117097
0.0295548
0.133588
0.106213
0.278025
0.119923
0.160188
-0.231767
0.0023008
0.200728
0.180891
0.0423656
0.203602
0.154528
0.109023
0.185371
0.0495442
0.351554
0.0306272
0.0972053
0.0255151
0.365765
-0.022697
-0.1491
-0.058976
0.406891
0.00875703
-0.179064
0.0667413
0.175372
0.0901736
0.175232
-0.0215441
0.0972541
0.194992
0.154693
-0.0641176
0.0492593
-0.24643
0.297433
0.121374
0.110604
-0.0188049
0.00365685
0.0891218
0.129406
-0.0475955
0.0257921
0.0627689
-0.129031
0.0549548
-0.106113
-0.0100224
0.225678
0.226544
0.222936
-0.196948
0.266492
0.148917
0.0202989
-0.297144
0.109312
0.189623
0.111937
0.321727
0.138015
-0.045284
-0.0608714
-0.00783967
0.00742493
-0.0493432
0.0112213
-0.071389
0.0880057
-0.0675094
0.157394
-0.128027
0.187348
0.0469598
-0.173014
0.216354
0.123316
0.158509
-0.0331625
-0.194352
-0.112536
0.120673
0.0382097
-0.481225
-0.205713
0.0762444
0.657857
0.0213508
0.577855
0.310574
0.303087
0.0195573
-0.0645535
-0.00193205
0.0934113
0.0909335
0.128887
0.1547
-0.289182
0.207987
0.0714509
0.0609133
0.176987
0.0792039
0.483419
-0.187665
0.199314
0.107253
0.134188
-0.0468576
0.328971
-0.0495236
0.225087
-0.0141157
0.12294
0.0757894
0.0412893
-0.0569505
0.0768973
0.22689
0.417912
0.139302
0.144644
0.180159
-0.0317814
0.0616093
0.165191
-0.0179017
0.098088
0.013913
-0.0407561
0.068255
0.295045
0.469309
0.330959
0.348011
0.0776743
0.350057
0.120621
-0.187136
-0.224753
-0.182475
-0.069134
0.312679
0.174545
0.2339
0.0236396
0.159023
0.0988829
-0.330349
-0.0671527
0.162316
0.105008
-0.0160791
0.54213
0.191834
0.0527898
-0.00704451
0.507145
0.360934
0.15493
0.129416
0.159055
0.114347
-0.0946226
0.0767752
0.191463
0.210322
-0.143271
-0.147554
0.0769403
0.215013
0.124334
-0.0725072
0.247957
-0.13809
0.181874
0.145242
0.202307
0.406604
0.416053
-0.197927
0.238691
0.449229
0.151563
0.0446406
0.119002
0.101433
0.148149
-0.363269
0.101169
0.0327466
-0.14276
0.084824
0.118016
0.130039
0.44787
-0.0766829
-0.0845113
0.176717
0.159927
-0.128171
0.0106731
0.235314
0.337787
0.173889
0.0918605
0.0714842
0.00703337
0.170001
0.0361662
0.144422
0.479533
0.358825
0.302174
-0.106402
0.175405
0.0946052
0.246784
0.139097
0.0310884
0.192061
0.0688845
-0.039626
0.0353153
0.0972608
0.173994
0.236099
-0.144376
-0.00026233
0.110122
0.0433505
0.102818
0.0441714
0.154891
-0.0285424
0.177952
0.240075
0.0935912
-0.0628313
0.0519109
0.137706
0.121939
-0.198664
-0.038313
-0.274926
0.211119
-0.0606459
0.152327
0.00768365
0.0298397
0.0506157
-0.103119
0.0476708
-0.0463692
0.102829
-0.23466
0.0166756
0.409466
0.387039
0.518387
-0.0183167
-0.125104
0.311841
0.330017
0.261187
0.286034
-0.458784
0.0787122
0.0857736
0.119949
0.0293257
0.159731
0.100652
-0.0781789
0.00489279
-0.0127723
-0.0870461
-0.289097
0.0378085
0.0152929
0.252557
0.0584237
0.0183985
0.0689121
-0.146927
0.190865
0.365549
0.214611
0.00937423
0.30501
-0.0519043
0.18747
0.670849
0.181995
-0.27422
-0.0368442
0.0475479
0.742924
0.242953
-0.369135
-0.301097
0.386105
-0.0147838
-0.029772
-0.0527967
0.120589
0.15692
0.194145
0.227156
-0.307847
-0.0491318
0.225458
0.0706465
0.134136
0.0546001
0.04284
0.00485568
0.0629911
-0.00741781
-0.107429
-0.0156731
-0.20991
0.0519574
-0.0952981
0.0660944
0.0737176
0.175352
0.0711188
0.146891
0.169812
-0.0276028
0.0632981
0.210736
0.139096
0.179117
0.102891
-0.0544066
0.00609092
-0.182276
0.0256599
-0.071046
0.0676715
0.0160865
-0.0350026
-0.0285401
-0.229347
-0.0520194
-0.244063
0.000421116
0.244164
0.341754
0.499499
0.526963
0.0512045
0.0382238
0.379409
-0.0616525
0.0911322
0.148966
0.187583
0.0760919
-0.138401
-0.1989
-0.0129993
0.0381325
0.215391
0.305797
0.0742669
0.134586
-0.0392729
-0.0229128
0.0618102
0.115687
0.0884457
0.0748035
0.259113
-0.152086
-0.0368377
-0.0589463
0.104404
-0.0974447
0.219333
0.110986
0.235777
0.114148
0.106893
0.104487
0.306938
-0.00878691
0.0535604
0.0595049
-0.0351977
-0.119347
0.15855
0.284567
-0.0294391
0.446058
0.174313
0.208547
0.103069
0.0674971
0.0936657
0.0932771
0.144272
0.291508
0.0752638
-0.121491
0.196774
0.0336381
0.0180261
-0.020341
0.0570889
0.0861192
-0.0922592
-0.111911
0.0978326
0.0161638
0.227374
0.1156
0.202075
0.136663
0.218668
-0.0870286
0.0591997
0.196022
0.42609
0.204031
0.424625
0.257623
0.387216
0.308634
-0.165772
-0.149283
-0.05294
0.0540282
0.174279
0.0851932
0.077785
-0.150816
-0.206808
-0.152905
-0.121927
0.061987
-0.0397923
0.175372
0.0230196
0.100125
0.0804355
-0.0708623
-0.00160834
0.0928282
0.0237604
0.0240432
0.10513
0.0773533
-0.444981
-0.167542
-0.292148
0.0287763
0.225996
0.327418
0.175662
0.0351871
0.0890915
0.274775
0.086664
-0.185158
0.100509
-0.170558
-0.0910039
0.16294
0.222712
0.477355
-0.0904436
-0.0568459
0.124346
0.0869054
0.148419
-0.181155
-0.184585
0.0616997
-0.166355
0.376142
0.218
0.150613
0.13755
0.116167
0.117081
-0.0122592
0.128712
-0.0353756
0.156021
0.213106
-0.206492
-0.0313405
0.107294
0.238076
-0.0463344
0.315845
-0.187642
-0.372319
-0.389198
0.235966
0.451912
0.0291816
0.210193
-0.177816
0.121547
0.177296
0.149141
0.0608376
0.205868
0.188494
0.227854
0.180175
0.239047
0.0813877
0.0751694
0.313128
0.456322
0.26455
0.511948
0.0414678
0.16922
4.63852e-05
0.0200289
0.102295
0.172628
0.0988547
-0.044979
0.0158261
-0.0112797
-0.0140603
0.127328
0.0199194
0.0795074
-0.0982289
0.0231121
0.0994495
-0.0108442
0.116295
0.107294
0.288279
0.304528
0.315571
0.235386
0.248699
-0.0382279
-0.310439
0.244919
0.194997
-0.0782611
0.159202
0.254172
-0.216199
0.218548
-0.043549
0.1291
-0.0743206
0.239221
0.118789
0.218732
-0.135219
0.0720167
-0.275407
0.341374
-0.329723
0.353069
0.116021
0.197378
-0.347651
-0.306123
0.638545
0.0876308
0.356301
0.029159
0.0370864
-0.0225248
-0.130988
-0.0424544
0.0180541
0.218273
0.228241
0.226793
0.00942231
-0.207191
0.0642244
0.366515
0.624671
0.329511
0.0256217
-0.0108713
0.0728667
0.0349611
0.31672
0.109235
0.207361
0.242659
0.379445
0.0809246
0.116523
0.0813618
0.0965349
0.147119
0.155808
-0.0747478
0.176148
0.0640416
0.0877021
-0.222513
0.144396
0.624637
0.132875
-0.115814
0.0257286
0.346545
0.26915
0.445424
0.30573
-0.203559
-0.0853998
0.031485
-0.0443583
-0.0950456
-0.256291
0.0381559
-0.0933988
0.0692032
0.378868
0.0930583
0.0494185
-0.168219
-0.0104308
-0.264913
0.0680711
-0.0443252
0.0664993
0.320041
-0.100046
-0.188083
-0.399807
0.100253
0.22117
0.113684
0.226772
0.15227
0.165958
0.393165
0.178714
0.21878
0.0948291
-0.016703
-0.667395
0.111626
0.0865693
0.373734
0.522749
0.657374
0.155701
-0.249318
0.0757894
0.115463
0.00831969
0.0818375
-0.298063
0.0853509
0.353565
0.152924
0.103301
0.177329
0.25097
0.227954
-0.259733
0.00278302
-0.00552465
-0.109445
0.18516
-0.417812
-0.400623
0.41565
0.334798
0.974789
0.359467
0.140145
0.468781
-0.0249956
-0.036061
0.0713174
0.268052
-0.243916
-0.152265
-0.350326
0.060849
0.125738
0.0599886
0.0322088
0.0694583
0.0126038
0.212997
0.167438
0.381803
0.262048
-0.0513107
-0.0615981
0.469302
0.448295
0.499429
0.167957
0.0968577
-0.199423
0.292923
0.184916
-0.205121
0.13469
0.0157713
0.0397556
-0.291115
0.376546
0.559015
0.363732
0.199101
-0.478116
-0.15733
0.0473009
0.0115654
0.404228
-0.180136
0.0325847
0.0329996
0.17792
-0.356246
0.0946191
-0.0702365
-0.0133522
0.188288
-0.126387
0.507715
0.011927
-0.164425
-0.315365
-0.0822991
0.421411
0.0874545
-0.241907
0.236691
0.27581
-0.0640897
-0.00546064
0.0529036
-0.336219
0.0455626
0.0590302
0.344612
-0.205412
-0.0444192
0.168736
0.38453
-0.0141301
0.423456
0.209745
0.394615
0.101951
-0.114758
0.379622
0.181148
0.278768
0.247972
-0.393464
0.0731824
-0.0831462
0.185816
0.136895
0.0803506
0.117787
0.116314
0.0973703
0.030449
0.316943
0.200798
0.838519
-0.0329426
0.0129261
-0.100631
0.378798
0.534577
0.183695
-0.0813937
0.33164
0.0969531
-0.412281
-0.108192
-0.320428
0.0241545
0.114582
0.13965
-0.307838
0.346204
0.265269
0.107544
0.108336
0.112474
-0.0433674
0.128725
0.123551
-0.0522765
0.086459
0.238818
0.0797943
0.317377
0.219502
0.0844915
0.0541875
0.30226
0.109426
0.424473
-0.0394546
-0.0317067
-0.101196
-0.227836
-0.0372831
-0.222476
-0.223319
-0.128397
-0.200532
0.433802
-0.00165584
0.122055
0.0866234
0.206922
0.173462
-0.01542
-0.172113
0.168194
0.292367
0.0432105
0.050143
-0.0627389
-0.275148
-0.0970463
0.254532
-0.112805
-0.020987
-0.0904928
0.0986553
0.445226
0.290803
0.564792
0.180873
0.162383
0.160484
-0.461279
0.0729717
-0.00123351
0.169336
0.148788
0.0868415
0.00849275
0.33503
0.273917
0.227912
-0.0246193
0.112553
0.102449
0.0728329
0.0899945
0.0706975
0.0313884
0.134852
0.028005
0.0881523
0.242546
0.0847086
0.234102
0.33489
0.0249171
-0.149843
-0.135692
0.225582
0.12351
-0.0977646
-0.0389334
0.156887
-0.265567
-0.0374006
0.127079
0.265693
0.135985
0.0776096
0.128712
0.0221453
0.287814
0.17095
0.023079
0.0477217
0.0104432
0.0234205
0.0624959
0.10584
0.0174186
-0.189512
0.0660295
-0.104941
-0.0305441
-0.102218
0.0684491
0.424621
0.420844
0.402498
0.600749
0.285771
-0.391165
-0.000946671
0.152834
0.0188512
0.18699
0.188445
0.418689
0.390638
0.038284
0.0959713
-0.0233509
-0.0426452
-0.105439
-0.0994201
0.0279479
0.126418
0.0528764
0.0275968
-0.0530943
-0.0274513
-0.0514679
-0.0494262
-0.0263708
-0.0086509
0.247105
0.181622
0.246082
0.228465
-0.042389
-0.126493
0.346015
0.305035
0.0840726
-0.0742789
0.149325
0.25863
-0.111134
0.0626126
-0.0774335
0.187001
0.335692
1.10948
0.186802
0.38938
0.238346
0.183537
0.105545
0.090617
0.0399532
-0.0947644
0.14754
0.0279087
0.0856062
0.268046
0.0157761
-0.310552
0.00020057
0.102031
-0.00170199
-0.0965089
0.134042
0.288868
0.244758
0.301897
0.0763909
0.332262
-0.00924712
0.0702081
-0.167748
0.24685
0.0666304
0.297638
0.0413632
-0.0571685
0.0209302
-0.0233332
-0.20146
-0.019961
-0.00272829
0.297027
-0.231211
0.420344
-0.0670517
0.16411
0.213195
0.0534701
0.18153
0.0742261
0.121082
0.197167
0.00506906
-0.0429852
0.0539863
0.00774066
-0.0347728
-0.0821564
0.189334
0.101625
-0.26072
-0.111282
0.0363752
-0.296057
-0.218453
-0.0525269
0.0527137
0.153037
-0.0355718
-0.128074
0.195208
-0.0484473
-0.0558236
0.319658
0.437248
0.27613
-0.0060185
0.429482
0.327551
0.0324195
0.18392
0.00663035
0.152367
-0.320401
0.0233703
0.396299
0.0143732
0.292847
0.171088
0.112442
-0.127723
0.221495
1.13379
0.196787
-0.0891553
0.0921968
0.196547
0.0705738
-0.613712
0.340297
-0.519486
0.107172
0.518671
-0.271474
0.364781
0.0158581
-0.0528512
-0.171106
0.305781
0.027997
0.164777
0.251687
0.248616
-0.0602424
-0.101524
-0.0537464
-0.412663
-0.00674251
0.10301
-0.345024
0.0127376
0.125071
0.155903
0.165414
0.177064
0.182589
0.100975
-0.0637547
0.0947039
0.0243766
-0.172092
-0.293844
0.0612279
0.188043
0.078248
-0.354466
-0.444083
0.264781
-0.0451412
0.0673182
0.0863219
-0.041228
0.0826117
-0.106391
-0.0443815
0.21402
0.144825
-0.0206953
-0.0649168
-0.0821186
-0.397468
-0.373294
0.0938558
0.020415
0.0286519
0.111144
0.0675983
0.301517
0.272003
-0.16916
0.250801
0.0877443
0.449287
0.343678
1.00621
-0.265257
0.0753017
-0.359799
0.0591358
0.311489
0.255092
0.103796
0.10657
0.120898
0.184994
0.121386
-0.0349178
0.305352
0.233784
0.248086
0.0489962
0.0123615
0.0646523
-0.221911
-0.0120596
0.0396899
0.040227
0.178837
0.0324532
-0.350032
0.118858
0.0554298
-0.0287408
-0.0192494
0.0741313
0.212711
0.0223023
0.0320001
0.337595
0.357937
0.000519997
0.0367028
0.139258
-0.0426338
0.00345792
0.125847
0.186717
0.139304
0.0250092
-0.130376
-0.287668
0.0729899
-0.0649155
0.218172
-0.308593
-0.382708
0.128408
0.426805
-0.180667
0.0074176
-0.155184
0.317737
0.137097
0.101042
0.367038
0.450175
-0.4434
0.0100279
0.350308
-0.0266358
-0.0527629
-0.0475219
-0.134993
0.153166
-0.304889
0.112807
0.335345
0.0492755
0.0764354
0.0426825
-0.0322913
0.133173
0.158071
0.0727245
0.0342572
0.0128925
0.0840422
0.338052
-0.011434
0.328204
0.0940375
0.143238
-0.0487111
0.0447293
-0.0676266
0.225981
0.33502
-0.0267311
-0.0376339
0.0953706
0.167035
0.267258
0.175792
0.309866
0.397667
0.163738
0.445183
0.0658811
0.0570889
0.277408
-0.0300744
-0.141182
0.133208
0.339933
-0.116821
0.329316
0.170152
0.0598203
0.0942428
0.357075
0.0936095
0.342206
0.148505
0.0351672
-0.220048
0.0606758
0.230083
0.198181
0.412665
0.448732
-0.258237
0.276492
0.106824
0.147736
-0.227133
0.142392
0.577479
0.216745
0.26912
-0.0180787
0.0264777
0.237665
0.261509
0.332268
-0.0706987
0.408978
0.242108
0.0804368
0.299219
0.0667153
0.00175107
0.174285
0.191927
0.226881
0.054496
0.180522
0.135992
0.185608
-0.423222
0.17206
0.00557884
-0.168942
0.0157431
-0.00734791
0.0375993
0.437022
0.17991
0.5972
0.523935
-0.0968855
0.424342
0.326967
0.256047
0.0735476
0.176953
0.326968
0.268213
0.113243
0.18758
0.373664
0.37235
0.386666
0.194712
0.0391595
0.770955
0.414254
0.100189
-0.489056
0.0431434
-0.112125
0.189142
0.27573
-0.0278475
0.301395
-0.0286663
0.335644
0.225018
0.412001
0.207872
0.0381218
-0.0851505
0.204639
-0.288968
0.394398
0.146967
0.371676
0.834751
0.0228467
-0.291882
0.104756
0.196612
0.0937528
0.312582
0.246351
0.209683
0.134831
0.046875
0.202935
-0.123881
0.19634
0.114037
0.228884
0.000249573
0.234808
0.33058
-0.209797
0.781008
0.257009
-0.0222951
0.171654
-0.0142327
0.222468
-0.16595
0.0730493
0.414575
0.313114
0.340553
0.0681517
0.476935
-0.336894
0.206698
0.187135
0.146713
0.290511
0.202624
-0.136319
0.0278107
0.138643
-0.572084
0.335092
0.262876
-0.507
0.359903
0.466887
0.711402
0.163338
0.237698
0.283187
-0.421088
0.130123
0.152001
0.00468613
0.112126
0.170512
0.0249325
-0.376882
-0.292435
0.232797
0.38242
0.0246369
0.294331
0.253615
0.106209
-0.336685
0.0501443
0.0754187
0.436394
0.0364071
0.170014
0.286486
0.65598
0.508471
0.0690857
0.0232944
0.0955111
0.0807971
0.177295
-0.445282
-0.577086
0.154076
0.0774531
0.019396
0.221503
0.00912472
-0.0286663
-0.0386547
0.130262
0.32776
0.225087
0.228058
0.23659
0.14877
-0.293723
0.232741
0.404688
0.339324
0.278269
0.146023
0.0528936
0.173513
0.350859
-0.383603
-0.262863
0.307592
0.3855
-0.353175
-0.416943
0.0901341
0.131867
0.124989
0.0708542
0.145288
0.0407777
0.0928131
0.146
0.212764
0.122426
0.216504
0.234627
-0.134198
0.139244
0.541383
0.356996
0.182516
0.134538
-0.840346
-0.108669
0.233127
0.0511129
-0.110693
-0.00622953
0.255255
0.0200892
-0.25209
0.257419
0.0949667
-0.0412376
0.0420203
0.226591
0.267675
-0.0870123
0.104075
-0.0196659
-0.00867939
-0.0221829
0.288047
0.150511
0.00548401
0.165084
0.240967
-0.0871472
0.0690255
0.0505577
0.149148
1.31889
0.119
0.0506157
0.122892
0.159422
-0.104472
0.0126141
0.139507
0.0513825
0.0342096
0.335121
0.324319
0.0303042
0.0846769
0.0283783
-0.175398
0.931618
0.421694
0.0759851
0.400229
0.0859931
0.547335
0.288249
0.0487636
0.102793
0.0109855
0.135232
-0.118934
0.68187
0.047985
0.0988566
0.234623
0.172919
0.0938117
0.201847
0.390392
-0.101493
0.0159959
0.0753509
0.0599648
0.0138912
0.126545
0.03656
0.0538532
0.0832492
-0.113221
-0.143536
0.0348376
0.0220196
-0.0270503
0.217426
0.397123
0.207486
0.0320701
0.0298799
-0.0713863
0.0347594
0.00359241
0.229499
0.122088
0.281441
-0.0364311
-0.0538376
0.0522641
-0.0642776
0.30207
0.087636
0.313671
0.621904
0.0711862
0.0341032
0.0471506
0.0221962
-0.0829934
0.167735
-0.0236329
0.376916
0.293735
0.281277
0.309825
0.373751
0.258121
0.352061
0.133862
0.107026
0.119555
0.247752
-0.433591
-0.04795
-0.093771
0.0241408
-0.0955995
0.10435
-0.130343
0.102042
0.110107
-0.199177
-0.283098
0.169093
0.136255
0.407854
0.0965225
0.35212
-0.0326706
-0.112028
0.0137085
0.0976557
0.316195
0.362809
0.448963
0.518365
0.366787
0.449574
-0.499771
0.0374096
-0.0607754
0.447365
0.0310587
0.197683
0.0923071
0.121138
0.499901
-0.0507067
-0.0344403
0.00432224
0.267144
0.295118
0.143375
0.134104
0.424746
0.310603
-0.0243013
0.11034
0.248336
-0.0225869
0.323786
-0.374318
0.062569
-0.404502
-0.230568
0.0608491
0.29349
0.24461
-0.0516467
0.0919485
0.154584
-0.337328
0.0936021
0.219964
1.34605
0.236458
0.238782
0.212772
0.086964
0.119349
0.0547946
0.148184
-0.162128
-0.0715777
0.00579703
0.166182
0.434811
0.223628
0.164542
0.183572
0.247664
0.131258
0.274763
0.193505
-0.173858
-0.3149
-0.49021
0.480404
1.06728
0.0117418
0.048302
0.302022
-0.213659
-0.0549776
-0.157472
0.0950315
0.0797764
0.00295002
-0.00683819
0.188701
-0.299193
-0.20668
0.197631
0.379706
-0.286979
0.199307
0.0257047
0.0741046
-0.0752529
0.210538
-0.451251
0.189068
0.220461
0.0290205
0.176509
0.282136
0.392998
0.637721
0.0574499
0.133861
0.372437
0.0863145
0.281007
-0.0598275
-0.0160196
-0.000799058
0.0430054
0.153046
0.133742
0.0981861
0.406133
-0.523127
-0.310155
-0.477549
0.193537
-0.0695017
0.796622
0.15029
0.119413
0.107158
0.0647397
0.196881
0.195037
0.0517988
0.298833
0.229273
0.192946
-0.0651023
0.416349
0.311293
0.132783
0.0152891
0.199041
0.103137
-0.0851737
0.17001
0.26758
-0.385545
-0.365211
0.194856
0.0897565
0.14408
0.0737176
0.206114
0.24046
0.0613001
0.00186991
0.197978
0.0993356
0.16513
0.0709062
0.188277
0.460767
0.153732
0.0847393
-0.225394
0.0842127
-0.0226774
-0.293288
0.262876
0.224851
-0.00753725
-0.0374271
-0.124033
0.0620634
0.191495
0.108396
0.0702537
0.0146044
0.190307
-0.353109
0.012622
-0.0249771
-0.0158904
0.0561776
-0.0287102
-0.191102
0.155513
0.0613258
-0.0184373
0.255647
0.196106
-0.213716
0.307343
0.0865462
-0.0316071
0.0345891
0.265736
0.303265
0.221444
0.299815
0.0795043
-0.0347796
-0.0319267
0.243149
0.220301
0.114083
-0.079698
0.505452
0.0738791
-0.0493019
-0.0584802
0.0184473
0.0942285
-0.193204
0.076773
-0.431921
0.096491
0.317972
0.492997
0.31337
0.0865512
-0.244115
-0.256551
-0.174725
0.483258
-0.0338757
0.177482
1.21478
0.181275
0.225803
-0.194083
0.17416
0.0964589
-0.414356
-0.0381142
-0.0240627
0.340163
0.137754
0.0579686
0.0242982
-0.0468576
0.0442857
0.00396641
0.112679
0.444821
0.638025
0.0283189
0.272869
0.181455
0.398049
0.0272487
0.113657
0.239161
-0.0169015
0.447301
-0.00518276
0.124942
0.293652
0.202561
-0.0344868
0.435403
0.208012
0.0515832
0.0529209
0.0839432
0.104873
-0.111692
0.165966
0.240974
0.224391
0.0735904
0.15239
0.0531034
0.332568
0.12026
0.067588
0.102922
0.0763296
-0.280167
-0.0865952
-0.0663446
0.0395601
0.145761
0.165349
0.545339
0.383084
0.268016
0.178585
0.0222174
-0.0575151
-0.104835
0.181237
-0.0387278
0.511734
0.270766
1.06535
0.18723
-0.391337
0.13756
0.152641
-0.00200212
0.0407237
0.23988
0.25044
0.0620458
0.184412
0.266346
-0.0211206
0.0350252
-0.0533594
0.144789
0.113103
0.214379
-0.0844298
-0.0471571
-0.299947
-0.070135
0.121215
0.147312
0.399763
0.176392
0.0971223
0.311823
0.219537
0.0654539
0.136622
0.187015
0.378419
-0.190521
-0.132182
-0.0479021
0.209348
0.202564
0.250337
-0.126328
-0.0587544
0.055911
0.0257717
0.113602
-0.0407065
0.195884
-0.314562
0.654675
0.0451057
0.189639
0.265118
0.141227
-0.00610954
0.24977
0.30595
0.230158
0.142231
0.119291
0.126399
0.276006
0.266429
0.300928
0.127143
0.163262
-0.345865
0.405312
-0.0520484
-0.326992
-0.00683185
-0.033581
0.0899957
0.0459401
0.276706
-0.097968
0.0727629
-0.0924444
-0.115261
0.0934745
0.0822267
0.614731
-0.10708
-0.0789638
-0.0466534
-0.176511
-0.147077
0.0578778
0.0833839
-0.137154
-0.0309974
0.0999118
-0.0523016
-0.199331
0.0562701
-0.122621
0.00807533
-0.0485848
0.0956463
-0.381882
0.255187
-0.300274
0.115851
0.0903776
0.134097
0.254147
0.379809
0.210246
0.0185627
-0.0949908
0.145396
-0.162902
0.0057068
0.485027
-0.117023
0.184329
0.0201553
-0.499301
0.113909
0.225635
0.280651
0.0226215
0.661544
0.189108
0.30281
0.0860326
0.0495291
0.434298
-0.00120031
0.0832583
-0.00513115
0.326516
-0.22392
-0.0113193
0.170952
0.479472
0.134111
-0.118969
-0.105511
0.329133
-0.0351886
0.219962
-0.195874
0.07482
0.178655
0.0832453
-0.0239725
0.212188
0.0645577
0.425753
-0.188915
-0.0990528
-0.111724
-0.123154
0.304771
0.1333
-0.873471
0.201593
-0.0406012
-0.297321
-0.553725
-0.156221
-0.364995
-0.00848079
0.0278616
0.223584
0.240173
0.366578
0.236501
-0.0717275
0.196512
0.0708293
0.173609
-0.323015
-0.320856
-0.106801
-0.0685692
0.485224
0.115845
0.00309182
-0.0960208
0.0410979
0.251793
0.0596501
-0.0112064
-0.0225802
0.204223
0.0782088
0.163465
0.214387
0.053502
0.0459999
0.0617558
0.485851
0.0478451
-0.0340156
0.136266
0.164278
0.141225
0.238224
0.205903
-0.312109
0.58399
-0.330854
-0.0558171
-0.17908
-0.341445
0.209456
0.174084
0.05645
0.228669
0.215505
0.14869
0.243237
0.0894029
-0.128781
0.133959
0.0964844
0.010196
-0.0144997
0.0847769
0.00414177
-0.128394
0.0352667
-0.0949462
-0.822252
0.182961
0.00710519
-0.276187
0.0313425
0.0428299
-0.0327412
0.143096
-0.0518514
0.00783886
0.263273
0.292448
0.137497
0.350314
0.632478
0.783958
0.254218
0.377277
0.41551
0.146737
0.0306538
0.141993
0.0744716
0.189264
0.150453
-0.112619
-0.104984
0.201377
0.639276
-0.0330415
0.21094
0.142367
0.347774
0.22115
-0.136636
0.296935
-0.16322
0.28736
-0.188414
-0.126588
0.143198
0.229373
0.328672
0.0767439
0.169546
0.196758
-0.107387
-0.00266447
-0.183712
-0.203819
0.097474
0.162114
0.206953
0.165877
0.260602
0.302883
0.126299
-0.131305
0.171044
0.106538
0.0309837
-0.109023
0.00457703
0.0364917
0.180525
0.207208
0.28716
0.0437484
-0.0359314
-0.208756
0.0549832
-0.183272
-0.332948
0.0707493
-0.109034
0.202387
-0.075124
0.0784734
-0.0439835
0.0374741
0.0267234
-0.0376282
-0.0807025
0.154626
0.290709
0.0591301
0.0346788
0.0644811
0.222115
0.0318686
0.0580606
0.192301
0.00447978
0.115878
0.122195
0.272326
-0.261216
-0.0273921
0.207832
-0.0270328
-0.506783
0.343116
-0.159732
-0.0889882
-0.113713
-0.0538173
-0.37429
0.769409
0.193225
0.75712
0.095072
0.132131
-0.0153923
-0.0225422
0.0775919
0.530311
-0.0293609
0.0538616
-0.0960648
0.164095
-0.027172
0.187122
0.115463
0.191855
-0.0863794
-0.0894197
-0.0615252
0.0637514
0.105156
0.179778
0.0877117
0.198655
0.0100213
0.377798
0.137259
0.373329
0.0578778
0.0466548
-0.111129
-0.00655669
0.157876
0.0559966
0.003139
0.0724716
0.0103964
-0.373908
0.177616
0.285131
0.314909
0.82205
0.16151
0.255334
0.34681
0.496231
-0.224546
-0.13126
-0.247161
0.250969
0.031146
-0.213543
-0.0294129
0.41886
-0.011825
0.317374
0.0461669
-0.320637
0.100358
0.0677427
-0.00596929
0.144113
0.125711
0.0948872
-0.0237495
0.0497219
0.18069
0.00454793
-0.0333551
0.141113
-0.0060846
-0.0107395
0.0233871
0.341023
0.340355
-0.0397206
0.0536886
-0.425445
0.00285709
0.260145
-0.0514087
0.0363188
0.127496
0.0298737
0.0691952
0.242208
-0.0472451
-0.0033919
0.103393
0.0473998
0.0242544
0.412786
-0.262849
-0.0138995
-0.18446
-0.0261062
0.0214505
0.0314905
-0.193419
0.1407
0.333282
-0.169509
0.119254
0.0951145
0.365279
0.0491225
0.127121
0.555314
-0.198927
0.23566
-0.18395
-0.0346905
-0.0331938
-0.0633898
0.0985828
-0.0962935
-0.354501
-0.0842065
-0.495059
0.151334
-0.0361727
-0.317711
-0.0709348
-0.0527355
-0.0167558
0.43316
-0.121774
0.0571309
0.0778209
0.159667
0.308466
0.174253
0.0140245
0.100877
-0.112457
0.0405763
0.155702
-0.0258053
0.013913
0.488741
0.132448
0.128156
0.28719
0.295185
0.17545
0.103118
0.107219
0.196181
0.386455
0.130241
0.262617
0.274383
0.0556823
-0.113267
0.0505433
-0.0109664
0.536265
-0.0816197
0.258242
0.115243
0.0670231
0.0803675
0.0505349
-0.00400208
-0.0555285
-0.0301518
0.0506271
-0.140686
-0.193565
0.324221
-0.245256
0.0523995
0.0937215
0.119888
0.313212
0.0839091
0.127088
-0.0714756
-0.250321
0.388894
0.294436
0.198607
0.186556
0.754173
0.44753
0.151411
0.249023
0.564797
-0.0630373
0.202742
0.122373
0.0459834
-0.0241213
-0.0632543
-0.209514
0.109275
0.356083
0.0848476
0.115795
-0.145428
-0.253552
0.350424
0.282574
0.384788
-0.454829
0.270658
0.088823
0.12462
0.248598
-0.201459
0.103938
0.230187
-0.0721077
0.0491133
0.0396193
0.0848598
-0.0133397
0.15797
0.322825
0.227698
0.0452843
0.114879
0.192687
-0.154267
0.188126
-0.0648924
-0.311611
-0.0973724
0.130759
0.12061
0.260854
0.178506
0.531296
-0.462221
0.00599274
0.212486
-0.154069
0.38854
1.3175
-0.283801
0.215968
-2.56538e-05
0.14486
0.0148453
0.0154777
0.404177
0.129479
0.160362
0.33421
0.288092
0.208288
0.156138
0.0282212
0.177087
0.112029
-0.114371
0.00995048
0.0438647
0.0863986
0.222911
-0.0176032
-0.0904158
-0.0351423
0.231596
-0.0610169
0.0789753
0.0285713
-0.492483
-0.160813
0.0785874
0.0714722
-0.102682
0.0921674
0.559668
0.277281
0.344849
0.0725933
0.0313703
0.0402289
0.071663
0.740264
0.119905
0.0670978
-0.133922
-0.152489
0.0403197
-0.117434
-0.0643257
0.0139608
-0.0535165
0.150499
0.129839
0.0971533
0.0172608
0.186786
0.0503189
0.0875905
-0.102278
-0.238402
0.398085
-0.0313172
-0.387487
-0.0396364
0.0153468
-0.0138214
-0.197635
0.666701
0.132665
0.0934337
0.0802902
0.214602
0.0613045
0.0745888
-0.205169
0.028029
0.361555
-0.0777983
0.0216907
-0.353445
-0.0205314
0.460911
1.16385
0.164976
-0.211428
0.15618
-0.0608402
-0.276393
-0.0333752
-0.428968
-0.047837
-0.0758637
0.0147821
-0.135735
-0.0513422
-0.0622258
-0.0517334
0.289808
0.0569243
0.00275102
-0.177103
0.0551697
-0.0577319
0.13312
-0.0153481
-0.197664
0.0357181
-0.133348
-0.00391104
-0.245925
-0.282462
-0.0545444
-0.0877128
0.00257417
0.041381
0.194204
0.231458
0.084918
-0.029803
-0.0509673
-0.00835015
0.0391503
0.027316
0.115253
-0.0591893
0.138938
-0.143655
0.262519
0.114653
-0.0502014
0.850188
-0.432581
0.0288768
0.312629
0.123351
-0.0411804
-0.166825
0.0665275
0.026949
-0.0108328
0.519487
0.55512
-0.322486
-0.104174
0.0643338
0.0588508
-0.0271061
0.0680845
0.126962
0.168594
0.182684
0.0280362
0.0320626
0.630043
-0.00834899
0.0288249
0.223357
-0.166182
0.0714947
0.0234322
-0.0196964
0.0123247
-0.153594
-0.0189683
-0.0578981
-0.0171717
0.0546001
0.3626
0.36654
0.414195
0.271831
0.167292
-0.0279675
0.271291
0.221197
0.0762597
0.153163
0.122401
-0.0136226
0.244393
0.309021
-0.0522999
0.0805398
0.091955
0.108646
0.252059
0.289348
0.058054
-0.0699714
-0.0330144
-0.0402346
0.149645
-0.112251
0.187481
0.409034
0.211653
0.0737504
0.00655427
-0.181255
-0.0428736
-0.0836714
-0.0410977
0.199587
0.518629
0.164186
-0.0701933
0.069249
0.00261508
0.278957
0.00155415
-0.0646887
0.134843
-0.199492
0.62839
0.632564
0.930755
0.464049
0.63115
0.579841
0.142676
0.181145
0.167137
0.105142
0.153088
0.255708
0.319515
0.0320973
0.0336891
0.688205
0.370359
0.252866
0.343693
0.237684
0.0959414
0.161976
0.00358158
0.112026
-0.00030393
0.227648
0.254996
0.0108486
-0.110286
0.275556
0.349782
0.172723
0.141885
0.360223
0.111113
0.299653
0.220113
0.009015
-0.0220403
0.155161
0.10425
0.203154
0.119109
-0.0913531
-0.0150358
0.0985832
0.291478
0.0718195
0.186983
0.148784
-0.338309
-0.341434
-0.0547943
0.265949
0.11267
0.225181
0.0871603
0.0724642
0.106705
0.0297263
0.231975
0.501557
-0.0121185
0.103701
0.184659
0.299259
-0.133387
0.220793
-0.450419
0.249883
-0.307257
0.316328
0.188336
0.165425
-0.107731
0.449917
0.00559565
0.0218555
0.134417
-0.0117221
0.14869
0.163011
-0.337278
-0.405339
0.191784
-0.230785
0.0521806
0.316029
0.322002
0.218345
0.753761
0.178753
0.142105
0.385253
0.197025
-0.0681921
-0.143223
0.097418
-0.0937739
-0.0980101
0.198836
0.295339
-0.0135428
0.0892361
0.540924
0.553451
0.36963
0.00585894
0.537296
0.143855
-0.109013
0.147572
-0.0234914
0.434937
-0.154691
-0.0343713
0.235457
-0.134813
0.225304
0.0129399
-0.00602134
0.111895
1.26585
-0.31863
-0.310516
-0.322599
0.122541
-0.0240888
0.0484865
-0.00265012
0.00894188
0.417003
-0.0524741
0.150808
-0.0613838
0.0703943
0.23549
0.342593
-0.0410768
0.0265573
0.1455
-0.133534
-0.0442007
0.126723
0.086954
0.01838
-0.162016
0.215817
0.266238
-0.0323351
0.312603
0.104204
-0.281264
0.381985
-0.249046
-0.0605764
0.168795
-0.11836
-0.186239
-0.0548588
-0.116156
-0.110972
0.106729
0.189849
-0.32091
0.188494
-0.00601286
-0.02583
-0.0967686
0.356672
-0.183326
0.134174
0.165918
-0.0940529
-0.292996
-0.481499
0.13709
0.0513652
0.0411975
0.220291
0.100738
-0.557533
0.0493363
-0.115919
-0.104203
0.0521643
0.0355948
-0.428804
0.0759294
0.481891
-0.0425882
0.257817
0.247819
-0.511378
0.308846
0.141075
-0.0621298
0.0342826
-0.0185468
0.217066
0.341244
0.140162
0.080929
0.545021
-0.268344
-0.256274
-0.409497
-0.13446
0.187759
-0.0363514
0.0349531
0.00857291
0.256456
-0.128002
-0.147884
0.163923
0.245653
0.311574
0.11137
0.101136
0.0569815
0.0776414
-0.154429
0.0768973
-0.117704
-0.0940935
0.409092
0.399311
0.255048
-0.142977
0.122877
0.0827181
0.042173
-0.0477584
0.211234
0.293034
-0.0601846
-0.104726
0.0275707
0.172421
0.275327
0.435915
-0.0607009
-0.0171594
0.111368
-0.0223037
0.298336
-0.0529243
-0.151427
-0.325387
0.155405
0.139808
0.182583
0.213832
0.0476844
0.0104557
-0.0415639
0.64865
0.240523
0.247565
-0.0654531
0.0106572
0.358908
0.153988
0.0974451
0.193468
0.0202426
0.00343712
0.0324482
0.0431118
0.0127022
0.572649
0.0639947
0.164079
0.0482401
0.109112
0.0153851
0.543439
0.130773
0.176082
0.146228
-0.163515
-0.32828
0.0535498
0.497316
0.277348
-0.445767
-0.188691
0.275149
0.335918
-0.0600664
0.119036
0.173655
-0.262599
0.0166727
-0.00551876
0.0812977
0.205629
0.241476
0.19997
-0.00225232
-0.0285417
0.093071
-0.0833161
-0.207944
0.109843
0.0564485
-0.242071
0.170269
0.191831
0.121547
-0.235823
-0.114406
0.0356647
-0.00790104
-0.0225222
0.0383429
0.208206
-0.018507
-0.428814
-0.20965
-0.145366
0.161686
0.086227
0.104188
0.139189
0.0302921
0.159637
0.169972
0.156067
-0.0195319
-0.266402
0.302932
0.196627
0.102926
0.315266
-0.038527
0.00891195
0.180557
0.303968
0.288683
-0.0930602
0.115984
-0.00295284
0.176032
-0.0283311
-0.0679083
-0.207162
0.0343967
0.571722
0.209519
0.20979
0.295619
0.0619612
0.0319361
0.164937
-0.135537
0.309405
0.423315
0.0694961
-0.0300706
-0.0647371
0.0331469
-0.645309
0.037645
-0.0291618
-0.0793009
0.0285094
-0.0408184
0.0328635
0.393649
0.188705
0.0906891
-0.0959948
0.235083
0.0764239
0.00819001
0.184058
0.205527
0.144855
0.137734
0.0974132
0.02101
0.443837
0.392526
-0.557574
0.291041
0.186091
0.0652125
-0.0379892
0.101914
0.0125781
1.12708
0.0445317
0.13599
0.0382519
-0.0443869
0.107306
0.0946747
-0.264305
0.00968738
0.364564
0.192658
0.114455
0.175158
-0.115404
0.105062
0.102529
0.0644446
-0.267222
0.0836721
0.376646
-0.678354
0.0462269
0.0405045
-0.0793253
-0.00502322
-0.0192204
0.438646
0.0147369
-0.182258
0.0212267
0.0886787
0.0103247
-0.0370709
0.136592
0.223575
0.134592
0.112082
0.0941386
-0.0272347
0.105631
0.221335
0.0638886
-0.168625
0.0289758
0.173919
0.0286749
0.0306754
0.021135
0.0791138
-0.0783342
0.159256
0.262368
0.0832254
0.347777
-0.0383072
-0.173827
0.16527
0.0347184
0.134642
0.223682
0.344102
0.155761
0.103444
0.118961
-0.0296289
0.0898452
0.0778824
-0.613726
-0.0863362
0.0693073
0.0462415
-0.129655
-0.0254506
0.00303465
0.227242
-0.0546141
-0.0336143
0.0165738
0.177633
-0.0909521
0.132562
0.27764
0.363699
0.00780606
0.00683344
0.0142421
0.190498
0.0781471
0.117938
-0.111442
-0.119689
0.264131
-0.214615
-0.257865
-0.0242117
0.145117
0.45581
0.058759
0.0109985
-0.0184175
0.352427
0.0804278
0.148039
0.200292
0.221717
-0.230987
0.0938086
-0.507774
0.0252049
0.0391478
0.0202013
-0.124621
0.173027
0.245233
0.127254
0.190998
0.390338
0.132443
0.0158503
0.575515
0.318247
0.175803
-0.117799
0.118554
0.360694
0.493049
0.171013
0.00105549
0.124021
0.218647
0.0520227
0.250374
1.00444
0.275888
0.204234
0.216358
0.159307
-0.313843
0.137718
0.207599
-0.414968
0.0572454
0.0560254
0.0460799
0.102632
-0.0582942
0.107496
0.0995086
-0.0677298
-0.202592
-0.116734
0.0243822
0.287028
0.48691
0.039118
-0.413925
0.145927
0.293438
0.206136
0.162303
0.261385
0.150986
-0.0305659
0.0839099
-0.603427
-0.554347
0.315198
-0.0010557
-0.133833
0.156745
-0.0490642
-0.208878
0.036084
0.116377
0.0500347
-0.220876
-0.329058
0.0970934
-0.0170398
-0.0894537
-0.149256
-0.0466479
-0.0757046
0.00550763
-0.363784
-0.160355
-0.237167
0.1164
0.233682
0.0409326
0.0272143
-0.220213
0.00783825
-0.112963
-0.0012913
-0.019629
0.144902
-0.00798988
-0.0162714
-0.0935083
0.200598
-0.0338263
0.216621
-0.0340099
-0.0677477
-0.210279
-0.124321
0.0106512
0.201356
0.0830008
-0.253827
-0.167642
0.205161
0.247406
0.248083
-0.0192992
-0.0237003
0.0478631
0.0399004
0.202124
0.11688
0.194437
0.0610074
0.437593
0.0749579
-0.107449
0.239564
0.183921
-0.103298
-0.0721521
-0.222357
0.377346
0.218457
0.130633
0.246486
0.177701
0.190144
0.281138
0.227602
0.228709
0.138116
0.107469
0.446869
0.0268487
0.0982877
-0.0170793
0.540088
0.30146
-0.0932698
-0.0960883
-0.0906091
0.0798668
-0.0385793
-0.126254
0.0230605
0.0749885
0.204251
0.0723753
0.0495776
0.0783565
0.0571324
-0.167852
0.0919762
0.0872265
-0.0284135
0.0764873
0.175822
-0.0191663
0.107945
0.107511
1.07214
1.00977
0.00165056
0.174151
0.37936
0.144427
0.160632
-0.0974647
-0.0301394
0.0164183
-0.0627211
-0.0587083
-0.0411547
0.144742
0.0429216
0.243277
-0.080729
0.305942
0.240371
-0.22809
0.101576
0.0241244
0.116694
0.103672
-0.122921
0.208816
0.544622
-0.452239
-0.0904282
-0.0677366
0.092821
0.0299255
-0.136377
0.217951
-0.000256942
0.579195
-0.0770305
-0.198399
-0.238757
0.0367153
0.251615
0.217284
0.116633
0.294093
0.140976
0.153904
-0.99217
0.184769
-0.643341
-0.565062
-0.534857
0.181663
-0.0424296
0.0851384
-0.171616
-0.0840625
-0.103592
0.0139285
-0.0361213
0.0610822
0.0465199
0.479668
0.325433
0.499976
0.606726
0.047346
-0.0137278
0.166166
-0.392498
-0.28821
-0.1063
-0.00182787
0.390982
0.0470589
-0.650355
-0.00444626
-0.0137125
-0.0535375
0.167822
0.201823
0.18658
0.355266
0.297854
-0.123022
-0.189438
0.263069
0.125683
-0.0248051
0.211651
0.161105
-0.00929536
-0.107029
-0.0899363
0.0199402
0.0908201
-0.0643653
0.169116
0.0701754
0.243392
0.158658
-0.0314064
-0.25482
0.0952908
-0.0737616
-0.11452
0.109939
0.162278
0.0409465
0.00897089
-0.262763
-0.229442
-0.359727
-0.0567658
0.0908984
0.436027
0.141587
0.072707
-0.454885
-0.481967
0.952439
0.73629
0.0905697
0.26167
0.136145
-0.134511
-0.0731533
-0.224974
0.224883
-0.218165
0.164909
-0.239069
-0.0776444
0.0892327
0.298645
0.349676
0.284809
0.0560454
0.181998
0.264485
0.283368
0.333136
0.193735
-0.20493
0.0395464
0.350404
0.274747
-0.315231
-0.0569639
-0.0573994
-0.424135
0.00786667
0.0053117
0.0117815
0.0533148
-0.058661
0.0273557
-0.0402099
0.0598317
0.168378
-0.0671665
0.00709826
0.0551697
-0.0104999
0.217215
0.141885
0.236949
-0.0916477
0.442596
-0.0364947
-0.127497
0.305983
0.0617511
0.132381
0.108064
0.0438215
0.251018
0.053361
0.144153
0.0100123
-0.106715
-0.280616
-0.2081
-0.0403754
0.0554992
-0.421024
0.673302
0.14323
0.111732
-0.311237
0.674365
0.36845
-0.145953
0.0314439
0.2795
-0.663537
0.132112
0.0801398
0.00444658
-0.418298
0.053205
-0.0699169
-0.391787
-0.565901
-0.0252869
-0.201724
0.0278927
0.0902964
-0.00098582
0.00814265
-0.165595
0.166947
-0.00769073
0.210681
0.0239136
-0.176601
-0.469161
-0.479971
-0.00275462
0.145681
0.0727831
0.00465438
-0.0345909
0.267392
-0.00536473
0.178151
0.154561
0.123111
-0.113774
0.18034
-0.323223
-0.222478
0.0572975
0.0384739
0.0923173
-0.0981557
0.219007
0.655957
0.269525
0.0829384
0.018706
0.0852742
0.136907
0.268463
0.465197
-0.0238207
0.231207
0.103258
-0.168939
0.269436
0.0934452
0.112245
-0.0296417
-0.0158172
0.0331339
0.222155
0.350063
-0.0862054
0.0851431
0.19204
-0.0102496
-0.252616
0.0106308
-0.0586114
0.0785571
-0.00207781
0.170168
0.0457946
-0.161251
-0.0707816
-0.391832
0.114082
0.0340957
0.327807
-0.0172795
-0.411103
0.226999
-0.365689
0.0786586
-0.2058
-0.0542369
0.0311949
0.155916
-0.254858
0.034629
-0.0453705
0.0310846
0.00549127
0.0163055
0.0688405
0.230141
-0.338362
0.526372
0.15151
0.296058
0.431612
0.121547
-0.00940295
0.0658052
-0.0147498
0.0572482
-0.0508165
0.0738153
-0.108442
0.0743246
-0.0109188
0.042289
0.121547
-0.149391
-0.0932772
0.0473892
0.294447
-0.141853
-0.234701
-0.0953707
-0.241757
-0.032205
-0.377482
0.117542
0.058732
0.0262409
-0.118386
0.451776
0.147868
0.160908
0.212009
0.0641616
0.591884
-0.131156
-0.0819365
0.105289
0.32865
0.272923
0.247553
0.152775
0.098563
-0.581224
-0.314182
-0.0193486
0.30275
0.0261165
-0.0485064
0.0750099
0.300762
0.120868
0.1023
0.216197
-0.0818097
-0.181254
0.208776
-0.19931
0.00805729
0.0200375
-0.733977
0.238135
0.263745
0.148958
0.267202
0.0220127
0.0265847
0.125092
0.189493
0.0636778
0.239824
0.400761
0.297496
0.281248
0.227483
0.059399
0.0115277
-0.365574
-0.265718
0.0416897
-0.499041
0.30251
-0.029127
-0.0378152
0.0610293
0.0963562
-0.0261246
0.0707314
0.0238045
0.07325
0.11551
0.301732
0.0577934
-0.285346
0.21082
-0.69485
0.687609
0.193999
0.174441
0.346116
0.346395
-0.0374241
0.148088
-0.212586
-0.159013
-0.0514143
-0.113179
0.0477783
-0.0324301
-0.0426748
-0.0333551
1.24499
-0.0403869
0.0333309
0.122486
0.109561
0.229907
0.181604
0.12231
-0.112717
0.313396
-0.0122654
0.551306
0.0232399
-0.282776
0.0656083
-0.0671466
0.0122319
-0.0236968
-0.00646423
0.23056
0.354524
0.109733
0.0310692
0.0238182
-0.0714148
0.31417
-0.00317422
0.425535
0.0419974
0.122961
-0.080189
-0.0465879
-0.0183139
0.00972981
0.22751
0.0584951
0.412764
-0.232643
0.0753395
0.0673888
0.630754
0.655915
0.196315
0.0826952
0.18258
0.057465
-0.168068
0.0662162
0.39677
0.572853
0.662542
0.359897
0.21228
0.18409
0.220996
-0.294628
0.289038
0.0727662
0.247316
0.0619612
-0.115769
0.253232
-0.549707
0.285238
0.0651501
0.0364204
0.534999
0.12805
-0.213596
-0.203983
-0.092015
0.0416162
0.197268
-0.156459
-0.133011
-0.066636
-0.542313
-0.545485
0.109861
-0.069851
-0.0135858
-0.349893
0.162822
0.195167
0.0169471
0.262256
0.162213
-0.251549
0.262174
0.0113863
0.329194
0.150106
0.423734
0.0182027
0.133013
0.22342
-0.481594
0.217119
0.206997
-0.167373
0.266839
0.0155887
-0.0167558
-0.0369592
-0.494818
0.259295
-0.181912
0.00307331
0.0164806
0.0370149
0.208238
0.0822447
0.0283778
0.360348
-0.103958
0.187065
0.160239
0.0470777
-0.0545444
-0.00655039
0.429065
0.155102
0.114852
0.259587
0.451012
-0.25876
-0.0528596
-0.0843076
-0.219266
-0.349073
0.484029
0.515497
0.094613
0.0628977
0.0237896
-0.0863564
0.170832
-0.260706
-0.281282
-0.0972964
0.0176333
0.374053
-0.0501576
-0.0808344
0.197026
0.187135
-0.398345
-0.121263
0.345981
0.0294776
-0.162211
-0.38043
0.00314795
0.0698133
0.0282301
0.0680728
-0.144114
-0.136295
0.174148
-0.182746
0.349428
0.303612
-0.133439
0.104834
0.199454
-0.059949
-0.0584906
0.143266
0.349382
-0.13782
0.115167
-0.0414114
-0.0892256
0.126321
0.0374533
0.902713
0.0453214
0.0794369
-0.539141
-0.0850772
0.189105
0.233151
0.427633
0.315268
0.210499
-0.293126
-0.208267
0.186106
0.16795
-0.0245812
0.135363
0.156629
0.302283
0.147129
0.350026
0.265422
0.373139
-0.0698862
0.20983
0.292019
0.361071
0.371576
0.387776
0.330562
0.30242
0.39642
0.11664
0.0320686
0.09112
0.124455
0.232402
0.265685
0.334701
-0.107761
0.230316
0.221337
0.087059
0.0822559
-0.0069371
0.040037
0.0975869
0.323332
0.212068
0.236817
0.0232867
0.144987
0.5004
0.0565893
0.149909
0.060168
0.173422
0.206886
0.322164
0.336193
-0.106295
-0.0882338
-0.453795
0.0599012
0.466916
0.842915
0.152866
0.0462673
0.0849635
0.0253674
0.0636321
0.0869764
0.133052
0.215889
0.364453
0.0634258
0.270018
0.141169
0.0702126
0.05315
0.379927
0.270892
-0.0222326
-0.525171
0.244575
0.190407
-0.0798169
0.0845633
0.26626
0.0612407
0.223477
0.129795
-0.0104665
0.245111
0.0548887
0.0861114
-0.0280044
-0.0349606
0.0132074
-0.047433
-0.105358
0.146214
0.0129913
0.0696069
-0.0910985
0.295395
0.343659
0.457529
0.142674
-0.377919
0.0157787
0.0378299
0.164986
0.35756
0.103656
-0.200956
0.226164
0.350289
-0.01244
0.366321
0.121547
-0.0299954
-0.142375
-0.0461159
0.385781
-0.092663
0.105707
0.225801
0.0566625
0.0116535
-0.190229
-0.0537858
-0.153222
-0.418008
0.151343
0.0505174
0.234864
0.0607256
-0.121274
0.253311
0.378362
0.134499
0.182904
-0.154784
-0.0777316
0.26963
0.354995
0.46283
0.348508
0.37081
0.128349
0.123252
0.140915
-0.088452
0.00317657
0.093136
0.0567649
-0.182034
0.352707
-0.179483
0.517214
0.0793788
0.0448149
0.295139
0.0633871
-0.12474
-0.109638
0.158735
0.215939
-0.0605218
0.230691
0.117536
-0.0327455
0.12127
0.0490705
-0.0759272
0.0600726
0.190496
-0.172606
-0.238908
-0.206367
0.241279
0.155329
-0.312324
-0.23671
0.273043
0.135458
0.0205984
0.0993037
0.0554972
-0.0164803
0.511185
-0.246828
0.022369
-0.227609
-0.165186
-0.0584774
0.00745704
0.430304
-0.140694
-0.0745395
-0.0143181
0.0426757
-0.000242516
-0.0544594
0.228854
0.0120951
-0.0467191
0.446489
-0.0439254
-0.0537213
0.0466165
0.0919578
0.102662
0.108319
-0.0522566
0.806889
0.112618
0.548242
0.049643
0.441251
-0.0524861
-0.0402527
-0.0605974
0.352342
0.360206
0.130289
0.251065
0.0795067
-0.214886
-0.438063
0.336572
0.427125
0.107027
0.13062
0.133034
-0.0215212
0.46853
0.0692934
0.0416297
-0.0341195
-0.232119
0.162193
0.0442049
0.252344
0.528115
-0.0084749
0.266312
-0.0756772
0.114629
-0.0349583
0.119005
0.1881
0.264057
-0.00592854
-0.0816786
0.0491798
0.0631208
-0.160024
0.141972
-0.038523
0.513933
-0.118606
0.0704736
0.26554
-0.503386
0.300784
0.789801
0.287544
0.0713521
-0.272709
0.154119
0.00568779
0.120065
-0.133138
-0.0132016
0.72872
0.0550343
-0.164026
0.709535
0.595881
0.145529
0.0640716
-0.0789902
0.281588
-0.0236866
0.0462211
0.172825
-0.169122
-0.0318962
-0.121086
0.0241076
0.0978688
-0.255352
-0.0139438
0.247704
-0.231525
-0.016221
0.120896
0.101344
0.215803
0.11743
0.314153
-0.0280871
0.0569875
-0.0308928
0.156006
0.179936
-0.248741
-0.021446
-0.217466
-0.045609
0.309469
0.265568
0.106236
-0.00370738
-0.134327
0.0383068
0.0343551
0.291287
0.0181891
-0.13618
-0.0181193
0.322465
0.159993
0.89078
0.194723
0.124309
0.350043
-0.21859
0.330209
-0.0922443
0.517403
-0.0763103
0.201366
0.052066
-0.00930805
0.0251767
0.0102248
-0.204933
0.064844
0.478519
-0.0250819
-0.503362
0.061297
0.00336772
0.191593
0.478284
0.0240299
0.0862827
0.335983
0.207273
0.174823
0.171796
-0.427174
0.227844
0.225202
0.157628
0.349538
0.208463
0.133518
0.0834517
-0.237548
-0.155329
0.360625
0.374518
-0.327513
0.143693
-0.060169
-0.0732554
0.0915397
0.0222841
-0.232353
-0.0750167
0.432319
0.095356
-0.024349
-0.153392
-0.0346366
-0.0758188
0.0417054
-0.0964013
0.423443
0.00074038
0.335453
0.105156
-0.0247436
-0.050162
-0.14324
-0.217079
0.421277
-0.0853551
0.336948
0.135178
0.00329708
0.193175
0.329767
-0.18426
0.305315
-0.0259476
0.0760419
0.0011631
0.0032869
0.0464393
0.139826
0.0204081
0.0165379
9.39041e-05
-0.453915
-0.172974
0.0086259
0.0432835
-0.342177
0.0196436
0.272292
0.0535082
0.13677
-0.314579
-0.125991
0.14847
0.210401
0.178006
-0.294358
0.29625
0.125874
-0.0191581
-0.196222
0.0446632
-0.0439182
0.0202521
0.0477082
0.266613
-0.139189
-0.819072
0.161877
-0.147722
-0.223649
-0.106156
-0.230918
0.229502
0.00743897
0.263692
0.0962533
-0.0583146
-0.284364
-0.00175756
0.141045
-0.0122728
0.00639243
-0.238771
0.166305
0.101835
0.0904096
0.186119
0.320642
0.40295
0.366031
-0.037244
0.0459583
0.0929269
0.190741
0.0914027
-0.137019
0.0359215
-0.0644489
0.287819
-0.324239
0.184698
0.107317
-0.0647021
-0.0440204
0.120026
0.210128
0.180537
0.0461258
0.133228
0.118722
0.196407
0.159706
0.257391
0.05147
0.140307
0.333208
0.215119
0.02845
-0.193153
-0.178523
-0.108667
0.0806917
0.0694543
0.198242
-0.10386
-0.00870765
0.0547789
0.152342
0.0815177
0.0774679
0.10626
0.118044
0.165671
0.276305
0.12275
-0.544989
-0.532684
-0.47348
-0.0920136
0.0603524
0.00662923
0.25179
-0.352509
0.179451
-0.441451
-0.0837026
0.00769117
0.359988
-0.185318
-0.334783
-0.291368
-0.0929095
-0.026101
0.0126472
-0.0442584
0.337235
-0.154759
0.595413
0.18792
0.076451
0.0965883
0.150957
0.246845
0.182614
0.414438
0.394254
-0.127622
-0.0213736
-0.323045
0.120951
0.00917587
-0.355874
0.0938792
-0.211913
0.0303567
-0.0473869
0.2046
0.66592
0.0877835
0.454992
0.0430182
0.235468
-0.0350998
0.0486934
-0.0947006
-0.313976
0.0651491
0.0038192
-0.277871
-0.230371
0.0355728
0.579245
0.543499
-0.00342569
-0.464005
-0.0651708
-0.161453
-0.00530931
0.0697112
-0.110948
0.167397
0.43348
0.149242
0.0662231
0.113217
0.225309
-0.0479824
-0.278506
0.045918
-0.135807
-0.0689168
0.00265409
0.097503
0.0756115
-0.056108
0.0273823
-0.245386
1.33419
-0.141354
-0.202001
0.0366637
0.118642
0.352483
-0.343945
-0.000256165
0.46278
0.159206
0.194695
0.0284443
0.099038
0.686759
0.27199
-0.198022
0.0789595
0.0220807
-0.508637
0.0745089
-0.22846
-0.0212744
0.224252
0.232366
0.34633
-0.135683
0.0604397
-0.148518
-0.0541519
0.167108
-0.212766
0.240695
-0.427741
-0.574852
-0.0527773
-0.11046
-0.627659
0.160699
0.32856
0.459314
-0.0780881
0.387392
-0.0910971
-0.148891
0.229144
0.280276
0.255971
0.212326
0.0530514
0.140618
-0.188372
0.0354444
0.151202
0.459841
1.07037
0.0248591
-0.0786565
-0.0867291
0.217462
0.21255
0.438135
0.387094
-0.0169876
-0.00507845
0.418147
-0.0702589
-0.167031
-0.506006
0.207725
0.135162
0.113417
-0.294074
0.0697545
0.104003
0.464764
-0.296209
0.264673
0.131766
0.0563969
-0.241722
0.0618885
0.167666
-0.0915078
0.414437
0.17916
-0.0390741
0.0233278
-0.180903
0.106627
0.323222
-0.0022882
0.351308
0.453877
0.0969742
-0.114189
0.102996
0.204374
0.306427
0.0823505
-0.0325014
0.039063
0.0426055
0.0717005
0.00650959
0.140241
-0.0777151
-0.283605
0.0882701
0.279128
0.156468
-0.0761909
0.235258
0.0569263
-0.267547
0.0820637
0.0937818
0.1461
0.180361
0.185173
0.12474
0.310095
0.465154
0.357684
0.288681
0.327636
0.110333
0.0155907
0.372288
0.261396
0.0986884
0.237131
0.372603
-0.0425248
-0.271972
0.313382
0.322701
0.1432
0.0507988
0.0944971
-0.0339678
-0.131323
0.346499
0.0751908
0.134889
-0.117048
-0.073347
0.0551847
-0.237352
0.399972
0.309272
0.0823871
-0.0425791
-0.146119
-0.0602967
-0.178721
-0.065241
0.123746
0.0373423
0.119087
-0.407759
-0.269085
-0.0235545
0.243372
0.103155
-0.103894
0.104865
-0.183841
0.267757
0.396813
-0.0813376
0.690344
-0.144869
0.046296
-0.0430347
0.0465868
0.0309947
-0.0143032
0.0528311
0.175905
0.313553
0.0287184
0.0560453
0.0591636
0.0640509
0.222403
0.07074
0.144902
0.186281
0.157169
0.0425314
-0.0497054
-0.118623
0.0061238
0.00989557
0.334302
0.140498
0.115065
0.0662354
0.467915
0.0551352
-0.0451029
-0.0301789
-0.100167
-0.0898774
0.0556084
-0.203773
0.0190689
-0.316537
-0.00816122
0.0399017
0.181275
-0.226682
0.117579
0.0227419
-0.160401
-0.159405
0.171736
-0.15373
0.0206783
-0.159045
0.115462
0.083339
0.0939258
-0.0311782
0.0809765
0.221202
0.0636807
0.0109452
-0.0533463
0.0786491
-0.459862
0.0757108
0.0106356
0.0178321
-0.136619
-0.457899
0.0111721
-0.0277628
-0.20415
-0.24643
0.000408754
-0.31756
-0.0341646
-0.210161
-0.151628
0.103373
0.115615
-0.00728689
0.134952
0.029467
-0.37551
-0.193578
0.0434922
-0.155358
0.0275418
-0.0442907
-0.0699977
-0.10009
0.190976
-0.0512737
0.0728138
0.0272188
0.104729
-0.185134
0.11057
-0.0760841
-0.0191682
-0.146483
-0.17144
0.0158392
0.191922
0.342918
-0.160841
0.154531
0.197469
0.0261016
-0.347296
0.0732422
-0.0628911
0.156343
0.320253
0.284023
0.0157431
-0.0876461
-0.540205
0.264741
0.228433
-0.00848953
-0.329999
-0.137079
-0.646236
0.455639
0.0120965
0.0251994
-0.074171
-0.0444441
0.189034
0.0842746
-0.177145
0.115451
-0.0629233
-0.0125053
0.17858
0.048964
0.0921124
0.0116215
0.299037
-0.0365994
0.255671
-0.0302669
0.0195151
-0.0851332
-0.502791
0.0869807
0.543902
-0.0550775
-0.196624
-0.108756
-0.165161
-0.0904708
0.106122
0.0392181
0.409637
0.493328
0.38188
0.146424
0.652501
0.0407303
-0.251807
0.0594757
0.119513
0.245883
0.449797
0.176685
0.232909
-2.40228e-05
0.387933
0.319266
-0.12268
0.0792226
-0.356208
-0.209613
-0.00285003
0.0581262
-0.204307
-0.443983
-0.0357569
0.00192929
0.23681
0.839503
0.041702
0.0761658
0.083251
0.0867554
0.044257
0.0226966
-0.0569066
0.368
0.0698922
-0.00321297
0.129915
0.222811
-0.0515975
0.386548
0.244011
-0.108148
0.380416
0.405011
-0.238382
-0.0771763
-0.054861
0.0835599
0.104647
0.0569879
-0.0033919
0.154861
-0.0491716
-0.458598
0.198633
0.164153
0.137814
0.0508035
-0.288242
-0.177975
0.172134
0.234936
-0.343117
0.318869
-0.00989482
-0.163639
-0.182024
0.0575645
0.0681332
-0.0359869
0.398957
-0.430912
-0.268917
-0.22613
0.680816
-0.194358
0.769433
0.437666
-0.220154
0.19958
0.0623877
-0.111683
0.464862
-0.0402679
0.231828
0.197534
0.172501
0.088593
0.0169523
0.141495
0.0532302
0.232063
0.0816492
-0.00704911
-0.0541286
-0.217798
-0.0202369
0.23549
0.37087
-0.0441059
0.392703
-0.0545444
-0.0682656
-0.0472206
0.161123
0.298152
-0.0917653
0.243431
-0.0829533
-0.440042
-0.109096
-0.115982
0.237555
-0.0401863
-0.0840997
-0.0267718
0.12319
-0.0354334
-0.141641
0.129605
0.424427
0.00224111
0.00796229
0.122658
0.0728196
0.182533
0.0655335
-0.0617043
0.103663
-0.00301797
0.0917025
-0.04268
0.0926698
-0.0669055
0.229859
-0.272032
0.162726
-0.237432
0.0743432
0.0812523
-0.0735122
-0.0290203
0.403128
0.606779
-0.245427
-0.271123
0.133611
0.00402063
0.342848
0.0416531
0.529067
0.251768
-0.136883
-0.301211
0.00907443
0.323344
0.283863
0.48806
0.0518206
0.0344728
0.000940299
0.047287
-0.0253098
-0.0462266
0.000687298
-0.0277068
0.124331
0.133768
0.123506
-0.0743786
0.078441
0.094177
-0.0402099
-0.0454349
0.00304797
0.12922
0.281606
-0.0154936
-0.212894
0.0168961
0.401765
-0.566866
-0.433981
-0.0507348
-0.0749643
0.0255718
0.105212
-0.0152911
-0.0701593
0.0864968
0.348625
0.245407
0.0491072
0.0472009
-0.149371
0.170649
0.026366
0.160611
0.159847
0.0598782
0.107463
0.506297
-0.379789
0.0715155
-0.127129
-0.106363
-0.0806228
0.0728235
-0.120909
0.122005
0.242814
0.180672
0.312001
0.35563
-0.104319
0.0331765
0.0572706
-0.0998769
0.0233483
0.0975647
-0.253176
0.0251354
-0.111663
-0.189985
-0.0869927
0.108508
0.449163
0.100295
-0.0700244
0.100202
0.0295166
0.507895
0.027457
0.510444
0.224822
0.0967758
0.0710416
0.401972
0.123803
-0.0855512
0.0693445
0.115232
0.35563
0.401916
-0.266052
0.319914
0.271061
0.947179
-0.081257
0.0338283
0.0781931
0.0852141
0.313828
-0.0264991
0.321258
0.392028
0.0574104
-0.123414
0.129887
-0.206013
0.264691
0.565392
0.0640759
0.00549127
-0.122966
0.158256
0.239369
-0.0979602
-0.0487234
0.353155
-0.281763
0.0497436
0.216441
0.159903
0.452083
-0.133103
-0.0410039
-0.223475
0.177751
0.239846
0.319353
0.317208
0.103351
0.173935
-0.126415
-0.189874
-0.101427
-0.0866638
-0.0244406
0.0239413
0.0414243
0.00408059
0.290108
0.203569
0.627793
-0.505048
0.212001
0.34297
0.00155214
-0.240349
-0.0719883
-0.125668
0.0841288
0.0125571
-0.121813
0.257662
0.100705
0.00807243
0.111199
0.135787
0.22376
0.0937508
0.490496
0.123653
-0.236958
-0.0929556
0.0175958
0.0413286
0.138536
0.335833
0.249475
-0.00020245
-0.108316
-0.586023
-0.420892
-0.553199
-0.432757
-0.177055
0.00688776
-0.137227
-0.159304
0.300824
0.0670301
0.0628726
0.142405
0.146598
-0.13322
-0.136189
0.0332859
0.385892
0.0403314
-0.0728733
0.692446
0.564294
0.403996
-0.0245412
-0.0477004
0.371052
0.0686108
-0.104839
0.0917159
-0.240689
0.18725
0.087223
0.158752
0.049414
0.0274403
-0.0520022
0.0624853
0.00891195
0.015452
0.0912789
0.113187
0.0940961
0.109202
0.070999
0.160416
0.0584153
0.314734
0.0825477
0.0794497
-0.212811
-0.0311896
0.0756774
0.0697721
0.107176
0.235945
0.0453613
0.557298
0.350003
0.109665
0.109226
0.14194
-0.0570475
0.0387343
-0.0230048
0.0488965
0.0180209
0.494931
-0.398409
0.508295
-0.192812
-0.0563521
-0.223111
-0.120855
0.27893
0.368288
0.0960926
0.0943731
-0.0631644
0.103597
0.415633
0.301031
-0.00339185
-0.0712501
0.0598978
0.00193697
0.187088
-0.0230273
0.0446238
-0.353717
-0.200055
0.101442
0.166257
0.12388
0.149227
-0.557467
-0.390298
0.232265
-0.130624
0.0308366
0.0504998
-0.0613838
-0.588935
-0.00372027
-0.0327853
-0.52773
-0.627304
0.283029
-0.375109
0.156779
-0.0135632
0.268007
0.260991
0.306126
0.0582148
0.101943
0.474301
0.293513
0.00909314
0.0710534
0.0662372
0.0280262
0.18579
-0.111239
-0.0274991
-0.0829584
-0.0393535
0.208899
0.12712
0.0429185
0.0951563
0.355503
0.0557147
0.285585
-0.276995
-0.0586278
-0.0577975
-0.119206
-0.0737121
-0.180172
-0.322409
0.240089
0.131092
-0.41583
-0.11265
0.188566
0.581077
1.28042
0.150464
0.273219
0.0735114
-0.156906
-0.154066
0.0538348
-0.311229
-0.0721118
-0.145192
-0.177017
0.335087
0.0390993
-0.0189041
0.0455127
0.0619612
0.184446
0.51501
-0.252616
-0.0118021
0.0378476
0.0553595
0.283963
0.377807
1.21366
0.0704687
0.333525
-0.0901409
-0.0100404
0.0323171
-0.0663482
0.14645
0.0927225
0.0140581
-0.809855
-0.0877813
0.203217
-0.271427
-0.436244
0.128667
0.250865
0.0768247
0.00818655
0.118233
0.163147
0.166426
0.229078
0.213075
-0.022479
0.00788512
0.310456
0.0171348
-0.00963267
0.0865355
0.00757229
-0.436013
0.0438928
0.196738
0.310333
0.0681557
0.328006
0.277597
0.210812
-0.120133
0.0786669
0.156628
0.0709638
0.463279
0.0817797
0.267847
0.228503
0.25077
-0.0156023
-0.0646537
0.370317
0.034358
0.280834
0.391836
0.365163
0.147401
-0.0934893
-0.115261
0.0441346
0.13616
0.0736863
-0.0206204
-0.0822827
-0.0746111
0.0621765
0.0871575
0.0487176
0.230702
-0.176424
0.191873
0.146624
0.139425
0.392585
0.439836
0.178688
-0.0061605
-0.231223
-0.0959853
0.173373
0.227312
-0.14775
0.0621999
0.0836677
0.136115
0.229886
0.0517498
0.00270668
-0.101502
0.114378
0.0169457
0.184927
0.0549597
0.00707356
0.0477262
-0.0210155
-0.1596
0.36779
-0.0900544
-0.264358
-0.28061
-0.456907
0.063875
0.13917
0.0843503
0.00873744
-0.0369525
-0.155953
-0.100987
-0.213463
-0.492891
0.192942
-0.271138
-0.31437
0.015448
0.0838828
0.0361777
-0.217405
0.0141714
0.0158865
0.00314383
0.0799698
-0.0465099
0.104849
-0.270697
-0.00561168
-0.308993
0.202846
0.015443
0.191357
-0.0398464
0.823691
0.0189728
0.388137
0.00434449
-0.106012
0.346813
-0.00756999
-0.119699
0.537526
0.545746
1.4544
0.405959
0.290471
0.491682
0.210442
-0.240397
0.284389
0.25129
0.305578
0.0732422
-0.647107
0.0476965
0.0969175
0.088142
0.240156
-0.0811034
-0.0847293
0.131118
0.12891
0.139062
0.0687604
-0.232546
-0.19407
0.00636799
0.100029
-0.12604
0.410245
0.0271409
-0.159751
0.0219525
0.146542
0.263608
0.16687
0.330102
0.197539
0.290422
0.0648767
0.176194
0.0661337
0.251583
0.0329445
0.144975
0.0427056
0.291831
0.0567748
0.0471364
0.00479664
-0.0364976
-0.154825
0.141956
-0.00495909
-0.0451734
-0.161874
0.00691074
-0.0106434
-0.0738773
0.328293
0.195752
-0.0494754
0.0636182
0.152434
0.157858
0.241625
0.180151
0.150877
0.309748
0.13486
0.218244
0.186061
0.0595522
0.117452
0.0125847
-0.0418063
0.402127
0.0644875
0.230614
0.128033
-0.419375
0.350819
0.400146
0.360698
0.0135863
0.0449159
0.0251845
-0.0683533
0.0714594
0.114594
0.640119
0.564322
-0.114186
-0.126924
-0.101759
0.0443809
0.0792204
0.0560044
0.0803289
-0.0370677
0.214488
0.072927
-0.410645
-0.0841099
0.110711
0.311494
-0.0892517
-0.0728185
-0.142717
0.145971
0.068662
-0.0413329
0.158146
0.0161598
-0.0584862
-0.0188899
0.128655
-0.124952
-0.00134619
0.0206854
-0.0227267
-0.102197
-0.00898481
0.505845
0.144635
-0.0947111
-0.0178308
-0.199906
-0.121346
-0.226944
-0.017065
-0.014576
-0.212617
0.139353
0.139721
0.176739
0.0873671
0.132828
0.0817524
0.0429221
0.0440822
-0.212364
-0.139615
-0.0128069
0.267706
0.0673648
-0.00808698
0.109214
-0.190704
0.637688
-0.0536532
0.152669
-0.0675315
0.0410192
0.0558571
-0.158517
0.155627
-0.285328
-0.298826
-0.401264
-0.415183
0.030639
0.0861403
0.0157336
0.11768
0.104298
0.518513
0.663196
-0.177183
0.0875237
0.0377558
0.711
1.16384
-0.0464642
0.0588304
-0.157606
-0.153676
0.139922
-0.246384
-0.0778365
0.0120757
0.0537856
0.322896
0.277566
0.0715357
0.354075
-0.0251474
-0.0159063
0.0914565
-0.00437555
0.0131372
0.108404
0.0845257
0.188617
0.308538
-0.424293
0.271291
0.123068
-0.00898031
0.0730717
0.0864141
-0.0323878
0.106018
0.169949
-0.0676397
-0.162233
-0.0444831
-0.0417432
-0.237598
-0.28522
-0.0708175
0.224866
-0.0571685
0.113551
0.0614452
0.234025
0.170973
0.142294
0.19618
0.038181
-0.00837363
0.185967
0.221931
0.538163
0.371361
0.316642
0.309239
0.342847
0.226805
-0.139003
0.0351293
0.0721053
0.141409
0.208503
0.0222461
-0.0220151
-0.0685101
0.0655263
0.128318
-0.461005
0.255759
0.198398
-0.0657399
-0.102791
0.0495819
-0.0397671
-0.0170869
0.087479
-0.168134
-0.0823355
-0.099655
-0.00365389
0.071511
0.0573132
-0.123793
0.0581836
0.0383734
-0.0142893
0.00513297
0.0639645
-0.00477653
-0.02319
0.112824
0.169127
-0.0539638
-0.140536
0.127841
-0.326118
0.270334
0.373666
0.078179
0.232531
0.0738174
0.338125
-0.0445888
-0.244753
0.322767
-0.33174
0.133214
0.111613
-0.0314953
-0.0803704
-0.0136604
0.194516
0.397978
0.5715
0.136054
0.238002
-0.139
0.0767853
0.00304031
0.0927725
0.302638
0.171486
0.289014
0.170192
0.0328037
-0.220535
-0.0288882
0.23786
-0.0330897
-0.371289
0.11408
0.222848
0.233284
0.13722
0.369299
-0.0483036
-0.0981404
-0.375992
-0.193312
-0.0138022
0.0851449
-0.018518
0.424447
0.394754
0.305335
-0.020952
-0.148273
-0.389619
0.228262
-0.0445128
0.115448
-0.209758
0.0142427
-0.0151044
0.0434301
0.0297765
-0.13932
0.0364882
-0.102518
0.0858567
0.179923
0.0821238
0.0235442
0.135335
0.132491
0.0539565
0.0207831
0.475438
0.117208
0.344391
0.0347361
0.1608
0.0323425
0.0884867
-0.0431302
0.0903684
0.00106204
-0.0122284
0.247727
0.0771487
-0.101349
0.23172
0.00619174
-0.157711
0.049783
0.679471
0.483834
0.290725
-0.0117329
0.00552057
0.244571
0.084918
-0.0667067
-0.0312433
-0.0966865
0.385537
0.214951
0.304322
