0.12141
0.298303
0.0658928
0.0935115
0.144906
0.114185
0.12332
0.138853
0.0465471
-0.0348656
0.0102312
-0.0924381
0.0179749
0.0075785
0.0374191
0.0627943
0.119645
0.173976
0.233132
0.0827888
0.160293
0.0622644
0.0997441
0.0831623
0.0575956
0.129489
0.0565577
-0.00416767
0.0456996
0.00816704
-0.105481
-0.00476085
-0.0302546
0.0511885
-0.103545
-0.0205383
0.00484626
0.009237
0.132722
0.117588
0.140615
0.0992264
0.0664083
0.097692
0.142835
0.107241
0.132596
0.0720517
0.104744
0.052999
0.00610374
-0.0229398
0.031984
0.039907
0.00155519
-0.00728302
0.0374598
0.0334605
0.0180411
0.0152221
-0.0490825
-0.0167021
0.112143
0.0659913
0.0771295
0.0903976
0.200652
-0.0461516
0.0386069
-0.0054744
0.136779
-0.0925668
-0.000221174
-0.0240339
0.0772073
0.083439
0.0637394
0.0875168
0.139501
0.0618293
0.119876
0.138577
0.0369897
0.0826498
0.0592415
0.0820172
0.0331098
-0.0359185
0.0437708
-0.00499117
0.017832
-0.0113685
-0.0704328
0.0552234
0.121348
0.000423754
-0.0397533
-0.000250674
0.210672
0.101246
0.217207
0.0858764
0.133489
0.161195
0.187072
0.115404
0.14126
0.165396
0.143618
0.0498459
0.0584909
0.0568625
-0.0376697
-0.00964591
0.0367545
-0.0361304
0.0445608
0.0556381
0.0684696
0.0310505
0.0162693
0.027018
0.204772
0.108242
0.062732
0.08246
0.0490504
0.140205
0.159484
0.102461
0.102158
0.0927777
0.145811
0.123734
0.0521199
0.109517
-0.0218572
0.0975341
0.0187304
-0.00088182
0.0469626
-0.0213924
0.0552189
0.0839953
0.00212443
0.0685636
0.144288
0.0771838
0.200443
0.129555
0.0859947
0.0351035
0.139305
0.0838619
0.0873564
0.0848515
0.135641
0.137588
0.00879066
0.0137254
-0.0173502
0.0376747
-0.0280495
0.0296496
-0.00563386
0.0785661
0.0499314
-0.000671691
0.010048
-0.00439526
0.113773
0.194846
0.0492372
0.0837263
0.143518
0.106909
0.0855594
0.0471088
0.063928
0.23462
0.119779
0.0969812
0.0393826
-0.0210601
0.0229253
0.022306
-0.0234242
0.0502306
0.0864956
4.23991e-05
-0.0217128
0.0167788
-0.0587129
-0.0396391
0.0104458
0.00712511
-0.0667202
0.14295
0.0302541
0.113821
0.0230018
0.0973977
0.146966
0.123913
0.0750683
0.149029
0.119161
0.130784
0.094509
0.0594001
0.0416311
0.0263225
-0.00496967
0.011961
0.027936
0.0844923
0.0863841
-0.0157299
-0.0538398
0.0800217
0.203809
0.146605
0.0471174
0.0714997
-0.0643444
0.0773262
0.172753
0.0802341
-0.0816879
0.0359372
-0.0537487
0.0813569
0.101151
0.0942988
-0.0385698
0.0240246
0.0555142
-0.0553694
0.0535617
-0.0250201
0.0172949
0.0113271
0.0691433
0.0656835
0.0785917
0.0279112
0.0881623
0.130715
-0.0170428
0.199396
0.0901346
0.0646364
0.101606
0.0899493
-0.0399521
0.0369697
0.0700097
0.0336781
0.0604385
0.0426831
0.0472964
0.0171897
0.0228532
0.140306
-0.163779
0.0210838
0.0755188
0.0932744
-0.0234399
0.105162
-0.0325889
-0.0216089
-0.00418988
0.0685581
-0.0964308
0.108848
0.138107
0.135075
0.0644995
-0.0105931
0.067869
0.0544481
0.0239884
0.0413717
-0.0217347
0.0421463
0.035678
0.107462
-0.0506151
0.07203
0.00987503
0.0541318
-0.0309973
0.112522
0.0589458
0.120546
0.123583
0.0380876
0.0209602
0.113061
0.0629483
0.101506
0.0413554
-0.00121391
0.0338296
0.0407858
0.0574543
0.0140855
0.0943057
0.0254316
0.105688
-0.00542745
-0.0491211
-0.00241617
0.0644102
0.135731
-0.0181132
0.0342851
0.0406191
0.0907223
-0.0374414
0.106102
0.0449086
0.0469145
0.0260058
0.0298595
-0.0428123
0.0955439
0.0508626
0.0344318
-0.049448
0.00163725
0.0485414
0.0216443
-0.0169427
0.0630857
0.0304636
0.0213435
0.124328
0.178515
0.240718
0.07255
0.0521758
0.147773
0.0501185
0.053413
-0.0334075
0.124038
-0.00644702
0.0917511
-0.0135907
-0.0195685
0.0150729
0.0230518
-0.00732358
0.00967093
0.00665605
-0.0666856
-0.0447619
-0.0153063
-0.105926
0.0571494
0.0360684
0.0616715
-0.0121355
0.0756912
0.0430702
0.0575626
0.0434379
0.115339
-0.00877801
0.138575
0.0306491
0.0116598
-0.0532704
0.039508
0.0274842
-0.0129784
-0.0359568
0.0193281
-0.023216
-0.0475098
0.0082085
-0.0582737
-0.0953395
0.0950185
0.0430461
0.0379042
-0.0760987
0.0936602
-0.0963814
0.0838162
0.0144151
0.389567
0.0500563
0.0701178
0.131326
0.0736878
0.0226109
-0.0928751
0.00726565
-0.0478071
-0.0123451
-0.0358782
0.00137712
-0.0280339
-0.0832591
0.0867265
0.074531
0.054087
0.168588
-0.0232521
0.043327
0.0580023
-0.06663
0.0823623
0.0272518
0.000865334
-0.0842873
0.0402894
-0.0770148
0.0789441
-0.0335456
0.0527038
0.0193005
-0.0270143
-0.0421903
0.0352942
0.0303799
-0.0544512
0.000556451
-0.0230219
-0.0582818
-0.000850825
0.0665032
0.0258952
0.00115019
0.0213065
0.0995797
0.121386
-0.134339
0.142513
0.0896604
0.0765409
0.0352664
0.0816588
-0.0186321
0.0212946
0.00817207
-0.00204678
0.037258
-0.00799115
-0.00570612
-0.0226724
-0.106591
0.0204139
-0.0731003
0.0816428
0.258786
0.0331017
0.0278648
0.105977
0.0416074
0.090276
0.133141
-0.0110109
0.0365387
0.0738077
-0.0054544
0.0128125
-0.081549
-0.0468318
-0.0501448
-0.0238696
-0.0164831
0.00934443
-0.00650758
-0.00964331
-0.0608272
0.00989218
-0.0633816
-0.0318378
0.0343383
0.0724137
0.0989683
0.0769959
0.0382189
0.111093
0.0527266
0.0586555
0.0925129
0.0674672
0.0892794
0.0950289
-0.0545489
-0.0390275
0.00648557
-0.0536215
0.0364929
0.0318886
0.00674832
-0.037434
0.0700161
0.00526746
-0.0639509
0.00255153
0.105959
0.110421
0.0541851
0.0997248
0.0793045
0.0943157
0.138564
0.143775
0.0299916
0.0644879
0.146936
0.199361
-0.106733
-0.0396309
0.00398298
0.0202764
-0.00603942
0.0274101
0.0557621
0.0181853
-0.0412272
-0.0278272
0.0316885
0.00819367
-0.0263835
-0.00375518
0.13078
0.138188
0.106149
-0.0103978
0.0497383
0.0870996
0.110938
0.0802117
0.00887665
0.0492874
-0.0634146
-0.0381873
-0.0124842
0.0287949
-0.119852
0.0548342
0.00934372
-0.0820438
0.0438033
-0.00910779
0.0197923
0.00182825
0.0299691
0.0224765
0.149646
0.0750466
0.127297
0.07093
0.117186
0.0744673
0.148964
0.130967
0.0874918
-0.0538056
-0.0783273
-0.0605723
0.0108923
-0.0263589
-0.042215
0.00674755
-0.00958871
-0.016049
0.0717753
-0.0783841
0.0541334
-0.0704958
0.141924
0.0644386
0.138089
0.0670983
0.122894
0.141912
0.0777146
0.107499
0.0705881
0.0432517
0.127391
0.0323142
-0.0703711
-0.0246921
0.0301491
-0.0584355
-0.0794693
0.0505449
-0.0582144
-0.0112133
0.0560631
-0.153746
-0.058847
-0.0973617
0.0867616
0.0919048
0.0902699
0.086888
0.16537
0.156314
0.0163529
0.0903539
0.105545
0.0568897
0.126611
0.00984785
-0.0432289
0.0612131
-0.0291506
0.110275
0.0258374
-0.0562153
0.0306086
0.0318391
-0.0415244
0.0247598
0.0609634
0.0705579
0.151428
0.0254867
0.0432209
0.142355
0.0265889
0.0520473
0.0201902
0.0739326
0.0534595
0.0490675
0.0724033
0.128563
0.0633795
-0.00183624
-0.102524
-0.0396488
-0.0361365
-0.0096088
0.0101321
-0.0296283
0.0430906
-0.0305747
0.0936071
-0.0139178
0.118646
0.0320362
0.0907797
0.0422024
0.0789852
0.123672
0.0182187
0.0275345
0.0529444
0.0449086
0.0141255
0.141694
0.0203577
-0.0147881
-0.0392593
-0.0457098
-0.0707693
0.111456
-0.0125967
-0.00319503
-0.0262367
0.0468581
0.0601445
0.0172528
0.0231577
0.040906
0.0784697
0.216963
0.0662724
0.0303185
0.0798197
0.012787
0.0935576
0.0541091
0.074475
0.144562
0.00567287
-0.016756
-0.0106404
-0.0535461
0.00190707
-0.075225
-0.0795522
0.0173622
-0.0763339
-0.0276387
-0.0285608
-0.0105087
0.0468097
0.163487
-0.0167688
0.0197104
0.0786977
0.0908899
0.100913
0.023834
0.0739429
0.0445486
0.0971184
0.0537633
-0.0332448
0.00434131
0.00336628
-0.0165783
-0.0607354
0.0177609
0.127982
-0.0460982
-0.0388468
-0.0240248
0.0273511
-0.0761062
-0.0312684
0.0805935
0.0760043
0.072749
0.0130628
0.0243603
-0.189012
0.00400606
0.0421519
-0.0221167
0.0904145
0.0466988
0.0220165
-0.0732545
-0.088314
0.0342905
-0.0457674
-0.0556971
-0.0280163
-0.0902407
0.0459684
-0.0792964
0.0713268
-0.127779
0.0589157
0.0170058
0.090067
0.126439
0.0487384
0.102084
0.0246593
0.136334
0.0851265
0.0350289
0.0761382
0.0505602
0.166966
-0.0252219
-0.0291982
-0.0150448
-0.00613863
-0.0245353
-0.00508728
0.0393483
0.00410859
0.0757628
0.0194299
0.0368449
0.0359713
-3.41449e-05
0.0423695
0.000978732
0.176452
0.0368113
0.0755138
0.0309864
0.0929845
0.0687629
0.0143727
0.0403163
-0.0877162
-0.0361359
-0.0644228
-0.0374316
-0.0484854
-0.0374163
0.0352213
-0.0422841
0.0135074
-0.0274518
-0.0524503
-0.0740949
0.106975
0.0219638
0.0653832
0.104632
0.0244638
0.0881949
0.0716955
0.0152558
0.051558
-0.062176
0.0388978
0.0841016
-0.00755574
-0.0682847
-0.0410423
-0.026884
0.0131238
-0.0442092
0.0302185
-0.0539009
0.0207136
0.018677
0.0497674
-0.0765371
0.0430392
0.1156
-0.0158362
0.0356875
0.0870885
0.0964803
-0.0419955
0.0444736
0.115017
0.0983753
0.0424944
0.0774351
-0.00996355
-0.0870323
-0.0618673
-0.02272
-0.0333057
-0.0356725
-0.0166146
-0.0621676
0.00708028
-0.0333787
0.0371624
0.0214117
0.109378
0.0272823
0.0766788
-0.0142146
0.0533003
0.0823332
0.00209636
-0.00660387
0.0327397
0.0365571
0.0748528
0.00982933
-0.0732764
-0.0381198
-0.0896026
-0.0593319
-0.102688
-0.0430172
-0.0195859
-0.0192107
-0.153494
-0.0844729
-0.067882
-0.100199
0.0445317
0.0753543
0.148262
0.0606448
0.139528
0.0265989
0.0312661
0.0639709
0.0892784
0.0827258
0.061179
0.00024802
-0.0172003
0.0892528
0.0644024
0.0681124
-0.0351099
-0.0357761
-0.0473177
-0.0335282
-0.091833
-0.0399459
0.0366611
-0.045712
-0.0216871
0.0951143
0.133962
0.0768156
0.0172223
0.0806553
0.109703
0.0464625
0.0094872
0.0318941
0.0532983
-0.0162506
-0.0927086
-0.00625553
0.00384234
0.0185662
-0.072562
-0.0178028
-0.0319556
-0.045331
0.00668266
-0.159042
0.0334656
-0.110352
0.0835432
0.112243
0.160746
0.0987827
0.0882027
-0.00350303
0.0977683
0.0126673
0.0984627
0.0398402
0.1104
0.0839664
0.0782869
0.000974858
0.0554524
0.0299537
-0.00370709
-0.0709124
0.0697885
0.0408011
-0.0118578
0.0548188
0.0862767
-0.055317
0.206511
0.0859766
0.0891841
0.11502
0.0997944
0.031129
0.0763573
0.0272391
0.0237608
0.0426067
0.105856
-0.0173972
-0.0500685
-0.0473335
-0.0446085
-0.0837684
-0.0856533
-0.0672095
-0.0648921
-0.0879228
-0.0172933
0.0137048
-0.154442
-0.0283041
0.105746
-0.0232474
0.0628083
0.0504461
0.0610726
0.0533954
0.0705897
0.0512805
0.0667152
-0.023176
0.0444959
0.0696852
-0.0325123
-0.00958697
-0.0334738
0.0187445
0.0125146
-0.155971
0.0046533
-0.0275374
-0.052301
-0.0841356
-0.0379547
-0.0635585
0.0840717
0.0203439
0.041468
0.0684669
0.0587262
0.029365
0.0674464
0.0828202
0.0888584
0.0642204
0.0743807
0.156412
-0.0447226
-0.0373565
-0.0634051
-0.0463919
-0.174188
-0.0303458
0.0473577
-0.0199158
-0.00339746
-0.087185
-0.0549067
-0.0374041
0.0182037
0.0777289
-0.0253997
-0.0370688
0.0491083
0.120607
-0.0110742
0.146115
0.0917596
0.0702809
0.0918822
0.112011
-0.132682
-0.024031
0.0269623
0.026099
0.00394558
0.0154698
0.0349847
0.000735884
-0.0990231
-0.0780539
0.0147906
-0.0340006
0.0349098
0.0039838
0.0575025
0.0257418
-0.0048054
0.0938284
-0.0162424
0.0740866
0.100895
0.0178674
0.0651325
0.073446
-0.0180716
-0.0616226
-0.0664512
-0.0583627
-0.0753336
-0.0472889
-0.0173931
-0.0716497
-0.0480616
-0.0708997
0.0461226
-0.156936
0.0856348
0.083905
0.133006
0.00600418
0.0546289
0.0797806
0.0485388
-0.111078
0.125946
-0.0399442
-0.0293214
0.0615777
-0.0644936
-0.150732
-0.00971838
-0.0798152
-0.042227
-0.0402808
-0.0709002
-0.0515185
0.0879217
-0.126267
0.0403535
-0.0577973
0.0748311
-0.00220127
0.122069
0.096793
0.0621565
0.0368398
0.101142
0.0182711
0.0560463
0.117703
0.0617368
0.0579941
-0.0182268
-0.123392
-0.0686445
-0.0787011
0.0103593
-0.0710945
-0.0552461
-0.082167
-0.044913
-0.000202553
0.0244098
-0.043928
-0.053423
0.00256192
0.0495458
0.0539314
-0.00175969
0.00797541
0.0821508
0.0571948
0.117509
0.0787713
0.0809822
0.104797
-0.0670065
-0.0360351
-0.00852205
0.0302514
-0.0199475
-0.116428
-0.0598456
0.0486717
0.0669441
-0.0301724
-0.0205291
-0.0516632
0.0597379
0.0554566
0.0479096
0.0693647
-0.00779914
0.0485392
0.0463644
0.159184
-0.0039112
-0.0100062
0.110114
0.0558666
-0.0554755
-0.0780311
-0.0194583
-0.0326646
-0.0855734
-0.0572942
-0.0310705
-0.219862
-0.0220827
-0.0264278
-0.0452534
-0.0296459
0.09296
0.0184983
0.0051764
0.0361854
0.0515237
0.0191296
0.032148
0.0242743
0.0445889
0.132818
0.087859
-0.00152534
0.00232032
-0.0322356
-0.0554922
-0.0475946
-0.0171051
-0.0291071
-0.069275
-0.0303801
0.000727563
0.0635432
-0.0026813
-0.0634683
0.110977
0.0344313
0.0118619
0.0678416
0.0576772
-0.0475364
-0.0374778
0.0707562
0.044189
0.00680938
-0.0022626
0.028227
0.0217979
-0.0385573
-0.0164629
-0.0896311
0.0358298
0.0282984
0.0142994
-0.111736
-0.0490445
0.0116473
0.0140537
0.0175463
0.162314
0.0461815
0.0453966
0.0638209
0.131137
0.0108282
0.0651554
0.202112
-0.091907
0.0584189
0.0960308
-0.014771
-0.155805
-0.0212964
0.0766643
-0.0237084
0.074555
-0.0763363
0.0680711
-0.0846152
0.0194467
-0.0658477
0.00610869
-0.0134402
0.0226802
-0.0836933
-0.055574
0.0220841
0.063097
-0.0604323
-0.0125208
0.018379
0.11699
0.0206149
0.0743105
0.0268114
0.0423009
-0.151691
-0.0399345
-0.10835
-0.0693603
-0.184938
-0.0259435
-0.0585493
0.0480143
-0.0713619
0.00141645
-0.107927
0.0154462
0.011222
-0.0479301
0.117178
0.062247
0.0395501
0.0771155
-0.0252945
0.0146715
0.0184367
0.116525
0.0470263
-0.066828
-0.0589668
-0.0580527
-0.12345
-0.053814
-0.0479194
-0.0640526
-0.0659012
-0.0508531
-0.0155585
-0.0327727
-0.0735454
-0.00610765
-0.0265204
0.0539089
0.00558783
0.0682627
0.0428009
0.088799
0.0828199
0.102633
0.066594
0.091857
0.0430028
-0.0425246
-0.0884703
-0.0708174
-0.0742795
0.0119143
0.00817395
-0.100112
-0.05139
-0.101474
-0.00662179
-0.0438448
-0.101399
-0.0101952
-0.0153284
0.0709818
0.0773164
0.0535642
-0.0108601
0.0784859
0.0240132
0.017102
-0.029993
-0.0202497
-0.0207581
-0.0773349
-0.0593828
-0.0489375
-0.0946993
-0.0101807
-0.0964485
-0.00237867
-0.0771386
-0.0267842
-0.0325518
0.0507801
-0.0461981
0.0184079
0.0105763
-0.0473353
0.0728921
0.0237401
0.0316087
0.084663
0.0400146
-0.0120934
0.0135363
0.0931952
0.00615019
-0.0428739
-0.0215878
0.0077399
0.113276
-0.00207593
-0.04477
-0.02822
-0.0652015
0.0460049
-0.0767448
-0.110064
-0.0450361
0.0468266
0.00669948
0.0862675
0.0122644
0.0503737
0.0568337
-0.0235136
0.0932885
0.0433228
0.0634056
0.00527477
-0.0149332
-0.140546
0.0373164
0.0278199
-0.0460048
-0.108535
-0.0349544
0.0289538
-0.0130177
-0.112239
-0.0947368
0.00258565
-0.0342671
0.0904961
-0.00375889
0.123555
0.0646192
0.187572
0.06454
0.0614038
0.102723
0.0439819
0.028898
0.0684052
0.0201486
-0.0217128
0.0268248
0.0181319
0.000934926
0.0324978
-0.026368
-0.0162643
-0.0607976
-0.0478364
-0.0877123
-0.0153063
-0.0969762
0.0418195
0.0350345
0.0658289
0.0677268
0.0888938
0.0399669
0.03364
-0.0120819
0.00456986
-0.0174506
0.051544
0.0224675
0.0213149
-0.0881911
0.0513117
0.0556054
0.0498565
-0.0582167
-0.0468093
-0.0248133
-0.0705716
-0.0383544
-0.041951
-0.109436
-0.0694751
0.000982658
0.0116124
0.0959066
0.0675546
0.087121
0.121288
0.0025733
0.110514
0.0312734
0.0550425
0.0268926
-0.108695
-0.0508161
0.00921799
-0.0217041
0.0101689
-0.0493093
-0.106469
-0.0569208
0.0120387
-0.0371121
-0.084148
-0.058563
0.050539
-0.00472736
0.118151
0.0262822
0.138627
0.0192806
0.0858899
0.0303295
0.0591332
0.00342592
0.0953098
0.0335947
0.00480381
0.0639845
-0.0217071
-0.0480409
-0.0190188
-0.0199861
-0.0559868
-0.0205871
-0.0446572
0.0447762
-0.0639941
-0.0320142
0.105263
0.10286
0.0373545
0.0803238
0.052043
0.0331299
0.0999486
0.0353435
0.0972433
0.0742899
0.0531492
0.011927
0.0495442
-0.021796
-0.0929071
-0.024647
-0.0367524
-0.0288489
-0.0887646
-0.0741305
0.00795126
-0.0055686
0.0148732
-0.00344137
0.0867279
0.093948
0.0983132
0.00490042
0.0844671
0.0771865
-0.0502015
0.0454592
0.213508
0.0139607
0.0980344
-0.0528556
0.0240377
-0.163464
-0.0833315
-0.0916313
-0.0252044
-0.00540323
-0.0451741
-0.0666349
-0.0132808
-0.0502219
-0.0481785
-0.0524785
-0.0800302
-0.0284723
0.0145295
-0.0328196
0.0522697
0.035155
-0.0199467
0.0381638
0.0501453
0.047338
0.0382812
-0.0432115
0.00313736
-0.0273728
-0.0850745
-0.0301828
-0.0468708
-0.0759913
-0.0191148
-0.00534851
0.0128576
-0.0841698
-0.0550585
-0.0753712
0.0553121
0.0586252
0.0822702
-0.075736
0.133442
0.0432279
0.071404
0.00587145
0.106201
-0.102181
0.0797029
-0.00454031
0.0207561
-0.0652453
-0.00438222
-0.053583
-0.0483387
-0.0103633
-0.0725167
-0.0504052
0.00791237
-0.0466275
0.0100682
-0.0837414
0.0935679
0.00559325
0.060425
0.0304123
-0.00901673
0.0537913
0.111997
-0.0070353
0.0272766
-0.0734039
0.0843949
-0.102979
0.131229
0.0618589
-0.0492952
-0.103348
0.00579749
-0.109658
-0.0356111
-0.0374861
-0.033595
-0.080895
-0.0148068
-0.0170589
0.0271567
0.0259023
0.0506531
0.0871284
0.0539694
0.011348
0.138131
-0.018924
0.104399
-0.0359802
0.0789166
0.0132331
0.0263991
-0.05906
-0.019683
0.0235069
0.00219022
0.00973507
-0.0796905
-0.00167216
-0.0371814
0.0292447
-0.10147
-0.0124989
0.0975729
-0.0273951
0.0461352
0.0204082
0.0818645
0.0959875
0.0565094
0.0450673
0.133944
0.0256877
0.0644102
0.0649668
-0.148555
-0.0516275
0.0329709
-0.0207695
-0.103679
-0.0449683
-0.0720345
0.00466923
0.0103999
0.0139261
-0.0109484
0.0553033
0.0541972
0.0096966
0.154954
0.120822
0.132323
0.139785
0.0788333
0.162934
0.100641
0.147143
0.055021
0.0967874
0.0175162
-0.0368803
-0.0206722
0.00826824
0.0325947
-0.042136
0.0607456
-0.00359468
-0.0577145
-0.074694
-0.0694599
0.0394537
0.136116
0.0858279
0.0214412
0.0244307
0.115901
0.0648034
0.125214
0.0303339
0.0841499
0.142036
0.0492452
0.0546361
-0.0438809
-0.00456014
-0.0949865
0.089752
0.0371998
0.00967675
0.0165579
-0.00429442
-0.00334254
-0.0354841
0.0369387
-0.0229
0.0978222
0.155362
0.0418575
0.0384253
0.112857
-0.00267885
0.082033
0.0940085
0.190752
0.0931413
0.171608
0.0342885
-0.0162064
-0.0282512
-0.0829477
0.0154506
0.0248247
0.0557283
0.000230428
-0.0532823
-0.0188103
-0.113942
-0.0112828
-0.0186192
0.0288955
0.0631074
0.0523454
0.104565
0.0972524
0.0411993
0.0767275
0.0352587
0.0708235
0.0472595
0.0408895
0.0517385
0.00607137
-0.00262897
0.0852924
0.082642
0.043855
-0.0478987
-0.0680685
-0.0929138
-0.0492604
-0.101213
0.0842903
-0.0460538
0.0431194
0.0933038
0.071294
0.041425
-0.0106904
0.0370544
0.122582
0.0255501
0.00893797
0.0958834
0.119916
0.0384745
0.0517799
-0.0454378
-0.0218286
-0.0280679
0.0367435
-0.128203
-0.0272162
-0.0874388
0.158107
-0.0824746
0.00257541
-0.107985
0.00965867
-0.0123066
0.0213606
0.102989
0.0794868
0.0531033
0.107666
0.0331746
0.1238
0.0751503
0.0895445
0.086545
-0.0317519
-0.000835263
-0.0801157
-0.016051
0.00814616
-0.0368708
-0.053567
-0.0721409
-0.0484258
-0.0510004
-0.00392935
-0.0344451
0.105445
0.0525223
0.11688
0.0264075
0.0975894
0.0200669
0.166234
0.0352835
0.0987361
0.0897306
0.076778
0.059707
0.0421833
-0.0172595
-0.0209732
0.010342
0.0132281
-0.0701465
0.0160745
0.0277096
-0.0529726
-0.0206529
-0.0428887
-0.0660911
0.00921647
0.0165623
-0.0211349
0.0960182
-0.0115294
-0.0774802
0.104205
0.0138904
0.0582608
0.101842
0.0873666
0.0516303
-0.0631577
-0.0461338
0.0225418
-0.0548065
-0.0194742
-0.0391946
-0.0287674
-0.0282818
-0.0553486
-0.0935492
-0.039632
-0.0630083
0.166658
-0.00627184
0.0324215
0.00623823
0.0734944
0.0339269
0.0596552
0.0161121
0.0260876
0.0204934
0.00887183
-0.0444551
-0.101034
-0.0522502
-0.0586774
-0.0641634
0.00667389
-0.0601809
-0.0896397
-0.0332646
-0.063063
-0.0636327
-0.0100789
0.0493882
0.137936
0.0542615
-0.0328168
0.0869888
0.148982
0.0593545
0.0606114
0.087596
0.0346443
-0.0177001
0.0313812
0.0255614
-0.00523974
-0.00481723
0.031827
-0.0116702
-0.0078324
-0.0206254
0.0288478
-0.0871751
-0.00190012
-0.048339
-0.0578052
-0.0431696
0.0959658
0.0419393
0.0480535
0.0345442
0.117818
0.0518457
0.0694479
0.0947477
0.0858659
0.0134312
0.053707
-0.100705
0.00501461
-0.10736
0.0413745
-0.127968
0.0323724
-0.0536313
0.0335561
-0.148115
0.01944
-0.080005
-0.0437781
0.0392504
0.0779998
-0.035592
-0.00688439
0.0554972
0.0136959
-0.12191
0.116049
-0.0111689
-0.0491198
0.0517112
-0.0495552
-0.0588375
-0.00885937
-0.0404305
-0.0430652
-0.101335
-0.00404378
-0.107416
-0.030824
-0.196686
0.0508294
-0.17434
0.0518771
-0.0712992
0.0196709
-0.0708592
0.0613977
0.0267555
-0.0635399
-0.00212387
0.0532908
0.00424386
0.0710677
0.00856164
0.00338621
0.0228501
0.0608543
-0.10687
-0.0613339
-0.0639903
0.00469602
-0.0896792
-0.0193926
-0.0315183
-0.00373427
-0.0167522
0.00390156
-0.0814853
0.119854
0.0269619
0.0306923
0.0830617
0.00260361
0.053306
0.0395331
-0.0500835
-0.0036625
0.00171544
0.135786
0.0277932
-0.0675587
-0.0372654
-0.00282095
0.0186688
-0.0257334
-0.0537107
-0.0304935
-0.027093
-0.113994
-0.0593037
-0.128129
0.0314827
0.0402363
-0.0577171
-0.0259835
0.085228
0.0215127
0.0819117
0.0293858
0.0861947
0.0450096
0.0429106
0.0453938
0.0179367
-0.0234399
-0.103827
-0.00651552
-0.0957311
0.00971067
-0.0542625
-0.12218
-0.0526491
-0.0345464
-0.0257344
0.0322384
0.00501784
-0.0377919
-0.0681089
0.0211138
0.0163573
0.0162437
-0.103799
0.0166917
0.117361
-0.0389084
0.0398642
0.0515261
0.0573518
-0.101751
-0.0180068
-0.0211858
-0.0887139
-0.0386872
-0.108477
-0.0215234
-0.00236177
0.0740002
-0.0929609
-0.0140915
-0.0709953
0.0301772
-0.0211112
-0.00566704
-0.041294
0.00185047
0.0244086
0.0277023
-0.013763
0.304894
-0.0664374
0.0443003
0.0336274
0.0138076
-0.0712461
-0.0784537
-0.0173771
-0.128124
-0.0606961
0.0272408
-0.0544211
0.072824
-0.0270271
0.0699721
-0.018013
0.0453139
0.0952607
0.0537392
0.00748284
0.019725
0.03253
0.0458171
0.0897684
0.104846
-0.0433794
0.0257626
0.0685739
-0.0148414
-0.0313639
-0.0338131
-0.0673001
0.00872115
-0.0712872
0.0285676
0.0190051
-0.0299336
-0.017825
-0.0011253
-0.0674796
-0.0737806
-0.0640265
0.0633999
0.0791969
0.049854
-0.0134255
-0.00538908
0.0426426
0.0102636
0.0469795
0.0641545
0.00503206
-0.0560295
0.0811428
-0.0786961
-0.0990014
-0.049708
-0.139025
0.0108127
0.0364642
0.0396368
0.0146395
-0.0312861
-0.0900895
0.0229814
-0.00916714
-0.0524841
-0.0360189
0.0802483
0.0787015
-0.0218097
0.0308085
0.0289175
0.0321223
0.0713415
0.0316012
-0.0311922
-0.101828
-0.0744415
-0.0488467
-0.0608583
-0.0358803
-0.0801055
-0.0494695
0.27393
-0.0591093
-0.0308918
-0.0577204
0.0679295
-0.059278
0.101561
0.0625945
0.0616289
0.175492
0.0160138
0.0936387
0.031365
-0.00654024
0.0394338
-0.00739359
-0.175783
0.0468324
-0.0615446
0.0369385
-0.118348
-0.118272
-0.163465
-0.0690743
-0.0477331
0.0232903
-0.129526
-0.0813655
0.109972
-0.0395274
0.0913486
0.0712611
-0.0535347
0.0386754
0.0285785
0.0663636
0.0285835
0.0401493
0.10203
0.0775513
0.0412145
0.0229772
-0.049872
-0.0531275
-0.077232
-0.0433124
0.00412377
-0.0279453
-0.0703527
-0.019498
-0.0170717
-0.049495
0.00431635
-0.0379323
0.0154478
0.0472914
0.0459726
0.0110585
-0.0173972
0.0577078
-0.00291823
0.0294066
0.0144012
0.0177899
-0.0520204
0.00879061
-0.113788
-0.043245
-0.0579944
-0.0648223
0.0157314
-0.06793
-0.0575573
-0.0372918
-0.0731907
-0.133993
0.0800262
-0.0494289
0.0831186
-0.117561
0.101278
0.11382
0.0302671
0.0278523
0.0554882
0.0460763
-0.0623522
0.00272329
-0.0457948
-0.0782449
0.047978
-0.110824
-0.0791907
-0.0311663
-0.0805806
-0.0742412
-0.00132069
-0.139758
-0.115369
-0.0276497
0.0300132
0.0749989
0.0414819
0.0268926
0.068732
-0.0978637
0.0135117
-0.124596
-0.0492517
0.0637013
0.0543269
0.0797519
-0.0438653
0.00676432
-0.0085187
-0.0147596
-0.0430292
-0.0140846
0.0786749
-0.0475674
0.0149755
-0.107698
0.103339
-0.0888448
0.0920483
0.0491376
0.032788
-0.0513506
0.037585
-0.0385786
-0.0424903
0.0212383
0.0793218
0.0365849
0.0428393
-0.0562403
-0.152542
-0.118781
-0.0417712
-0.0504487
-0.0468482
-0.101375
-0.0473353
-0.0697723
-0.0483586
-0.0841682
0.0245089
-0.102413
-0.00423432
0.0130828
-0.00338243
0.0593804
0.0268116
-0.0595336
0.0289095
0.0045593
0.0275118
0.0755846
0.0472993
-0.0245477
-0.108972
-0.0116044
-0.018104
-0.0169409
-0.0831225
-0.119454
-0.00464101
-0.0733035
-0.0821302
-0.0737238
-0.0170207
-0.0483493
0.0628092
0.0211868
0.0477872
-0.0766463
0.0783537
0.05084
0.120492
0.0337453
0.0470824
0.0384745
0.0973848
-0.0277323
-0.0337825
-0.00836028
-0.080778
-0.073707
-0.102178
-0.0840127
-0.162498
-0.0781089
-0.104314
-0.0704003
-0.0295723
-0.106824
0.090823
0.0568918
0.0554545
0.0366012
0.012461
0.0545873
0.178739
0.0140075
0.0675434
0.0305392
0.155889
-0.0189566
-0.0966303
0.162363
-0.0359613
-0.0217127
-0.0642083
0.00255873
-0.0365048
-0.0109742
-0.035143
-0.0599644
-0.0480013
-0.0508909
0.0931257
0.137159
0.0162985
0.0845615
0.0678672
0.0324686
0.0851709
0.103721
0.174562
0.00164179
0.0674951
0.0188068
-0.0355781
0.0105354
-0.0167408
-0.0524218
-0.0665873
0.000806892
-0.0181232
0.0319778
-0.0435571
-0.0211067
0.0545696
-0.00667302
0.0759982
-0.0170782
0.0880472
-0.0167866
0.0396698
0.0866572
0.0683676
0.0352371
0.0557508
0.0232213
0.0360948
-0.050178
0.000808908
-0.0524381
0.0354622
-0.0927761
0.371394
-0.0755318
-0.0967723
-0.0618554
-0.0704628
-0.111562
-0.00839301
-0.0607034
0.0537144
0.0967223
0.0384745
0.0685584
0.0436891
-0.0295488
0.00230641
0.0045406
0.0283605
0.0171867
0.0284957
-0.0408837
-0.0295124
-0.0202966
-0.0230773
0.0326636
0.0368434
-0.0962482
0.0570072
-0.0477487
-0.0526692
-0.103711
-0.0213442
-0.0376156
0.028887
0.00373965
0.0862658
0.0174251
0.0551132
-0.0271243
0.0598136
0.00871471
-0.063527
0.0235247
0.0564622
-0.0942024
-0.180235
0.0132444
-0.0953609
-0.0909103
-0.0180863
-0.0648941
-0.0945301
-0.0677675
-0.0880818
-0.0351121
0.0327725
0.0535115
-0.0319328
-0.0223653
0.051357
0.112952
0.00562775
0.036649
0.0504483
0.0398973
0.105621
0.100702
0.0588932
0.0254609
-0.00449972
-0.102855
-0.0429986
0.0207497
-0.00920563
-0.0257545
-0.0224533
0.131909
-0.0340411
-0.0396458
-0.0720664
-0.0268825
0.0575081
0.0763718
0.0369132
0.0788296
0.0921792
-0.060598
0.0554565
0.0347234
0.0941604
0.0482652
0.0531874
0.0345842
-0.0403772
-0.056361
-0.0243519
-0.0736098
-0.0409757
-0.0963282
-0.0370605
-0.0792205
-0.093829
-0.0794474
-0.0793975
-0.0152183
0.055614
-0.0167224
0.0778338
0.0383076
0.0942359
0.0156783
0.0864011
0.0479038
0.0423556
0.011511
-0.000428002
-0.068226
-0.0490929
-0.0755292
-0.00831012
-0.0759548
-0.0759063
-0.0598728
-0.0908072
-0.115053
-0.0797193
-0.0756081
-0.0431722
-0.124707
0.0110362
0.0110831
0.0480419
0.00985448
0.0631322
-0.103071
0.0814027
-0.0128526
0.0877973
0.0106671
0.0780391
0.111588
-0.0960257
-0.0416783
0.0566087
-0.117499
-0.112764
0.176902
-0.0365705
0.0182129
0.000671946
-0.0509919
-0.105227
-0.0217692
0.126286
-0.0521866
0.242683
-0.0223044
0.151622
-0.0288437
-0.00355112
0.0821033
0.0288231
0.0737599
0.117206
0.00959533
-0.136399
-0.0860721
-0.0313016
-0.0828398
-0.0564265
-0.0459402
-0.116681
-0.154323
-0.148009
-0.042658
-0.0592244
-0.0289176
0.0704615
0.0828742
0.0716039
0.061844
0.015882
0.020845
-0.0660498
-0.0042775
0.0112448
-0.0338583
-0.101493
0.0527259
-0.0573439
-0.0598333
-0.0378616
-0.0192601
-0.196178
-0.0349397
-0.0659436
-0.0454332
-0.0602056
-0.0684827
-0.237098
-0.151527
-0.0449438
0.00729487
0.101121
0.0753495
-0.00777073
0.0774684
0.0577796
0.0728204
0.0171697
0.00985792
0.0330116
0.0358162
-0.0934692
-0.162853
-0.120426
-0.0523917
-0.0884
-0.137281
-0.111044
-0.181059
-0.0433859
-0.232381
-0.0616027
-0.174192
-0.0362664
-0.00845653
-0.0351029
-0.0243982
0.14984
0.0409335
-0.00707416
0.0454755
0.0384745
-0.045473
-0.0430225
-0.0612848
-0.0307402
-0.083608
0.0112513
-0.0989897
-0.064233
-0.147581
-0.0806583
-0.127296
-0.0671178
-0.144801
-0.0488327
-0.00404344
-0.00266093
0.115841
0.0177487
0.0300792
0.00517415
0.0301834
0.0713351
-0.0871509
-0.0470569
0.000803068
0.0495345
0.0422317
-0.0489751
-0.0741971
-0.112388
-0.0814195
-0.0551824
-0.0554256
-0.036061
-0.115552
-0.0409104
-0.0696378
-0.0333917
-0.136815
0.0951009
-0.000862626
-0.0835495
0.0108137
-0.00883177
-0.0121532
0.00534704
-0.00441221
-0.0215535
0.0818981
0.0526924
0.0656937
0.0204514
-0.0639547
-0.0609913
-0.0231177
-0.100014
-0.0558527
0.0940278
-0.05714
-0.0264156
-0.0165466
-0.0305743
-0.0612471
0.0625365
0.0719527
0.03752
-0.00602234
0.1162
0.0384745
0.0108216
-0.00155971
0.0824677
0.0473926
0.045663
0.00185243
-0.144216
-0.110659
0.0337635
-0.0540699
-0.102144
-0.0675308
-0.0560781
-0.127557
-0.0277671
-0.0679648
-0.107788
-0.0483742
0.0926534
0.0120638
0.109595
0.035469
0.0559887
-0.0619876
0.104497
0.0498311
0.0620716
-0.0349271
0.0821194
0.00809189
0.00964394
-0.100593
-0.093589
-0.113109
-0.0536075
-0.10692
-0.0159064
-0.0452596
-0.0582609
0.0188567
-0.0142661
0.00154456
0.0189524
0.0876463
0.0586085
0.0448379
0.0379739
-0.0444338
0.0106798
0.0500239
-0.0993281
-0.00187583
0.14325
0.0608581
-0.0391184
-0.0373531
-0.163603
-0.0152439
-0.072676
-0.155822
-0.0320137
-0.11397
-0.0393827
-0.0640394
-4.18855e-05
-0.0666899
0.0389863
-0.0127384
0.12458
-0.0499091
-0.0317716
0.0590391
0.0567312
0.0362519
0.0683148
0.0289591
0.109099
0.0581978
-0.0351809
-0.128792
-0.0529567
-0.0312208
-0.0500028
-0.0784586
-0.0563614
-0.117169
0.0352213
-0.0497184
-0.0571749
-0.0302289
0.00379918
0.0399329
0.0929807
0.0628678
0.0209703
0.0430512
0.0327938
0.0473961
0.0521184
-0.00248415
-0.0120165
-0.0192513
-0.100296
-0.0921245
-0.158778
-0.0636804
-0.00975295
-0.0131979
-0.0218944
-0.101388
-0.107893
-0.0647871
0.0694504
-0.0874897
-0.0502264
0.0616255
0.0350529
-0.0276616
0.0852455
0.000727046
0.000164759
0.114485
0.039131
0.0221757
-0.00444987
-0.00764325
-0.15449
-0.108719
-0.0617476
-0.228157
-0.0853662
-0.0972079
-0.137021
-0.0807814
-0.0883732
-0.0930548
-0.0430237
-0.168086
0.0432884
-0.0214851
-0.00594203
-0.0118197
0.0364705
0.0088556
-0.0132844
-0.053935
-0.00889705
0.0598126
0.0851934
0.151744
-0.0278328
-0.0692709
-0.119835
-0.0746398
0.0168193
-0.100169
-0.0902847
-0.146811
-0.0585997
-0.029005
0.00592355
-0.103632
-0.0321232
-0.00385807
-0.073885
-0.0341566
0.0443623
-0.00316843
0.0569715
-0.0385674
-0.00969516
-0.0259913
0.0150617
-0.0348237
-0.0579554
-0.0189148
-0.094274
-0.0963079
-0.139651
-0.0776932
-0.11507
-0.0828278
-0.194424
-0.179188
-0.0884059
-0.173434
0.019088
0.0381608
-0.0218512
-0.0901541
-0.0387088
0.00732033
-0.00919831
0.0532624
0.0315938
-0.0549997
-0.129988
-0.00258905
-0.167012
-0.132842
-0.0294016
0.0502692
-0.0884613
-0.0430243
-0.0701469
-0.0587067
-0.0980743
-0.122245
-0.0591919
-0.147588
0.0406351
-0.0284723
0.0545564
0.0653288
-0.0109362
0.0257376
0.00469607
-0.0407068
-0.0378509
0.0310854
0.0136001
0.0528551
-0.0525645
-0.0536618
-0.0752721
-0.093347
0.00239915
-0.0890852
-0.126262
-0.0452225
-0.0714603
-0.0451726
0.104028
-0.124253
0.186564
-0.0529031
-0.070777
0.00168681
0.00510565
0.0382625
0.0480133
0.00321938
0.0595566
-0.0352733
-0.00796317
-0.00966708
-0.0619192
-0.0864643
-0.0549326
-0.0690828
-0.0747983
-0.23391
-0.0324865
-0.139851
-0.116673
-0.111981
0.0416012
-0.146022
0.0869379
-0.0372462
0.0565824
-0.0201383
0.047495
0.0640932
0.0341957
0.0778428
-0.00459179
0.0406875
0.0878921
0.00566056
-0.10381
-0.0201322
-0.00608105
-0.0621957
-0.0246601
-0.0624742
0.0308257
-0.0784031
-0.0825692
-0.0185975
-0.0510848
-0.0665694
0.0326293
0.00625568
0.0660216
-0.00249636
-0.00810164
0.0347402
-0.0247572
0.0515991
-0.0227775
0.00759793
-0.00545054
-0.0306713
-0.163424
-0.110645
-0.0575255
-0.0177333
-0.0407068
-0.0562254
-0.070266
-0.114243
-0.0640463
-0.0509584
-0.00160744
-0.0982511
0.0781553
-0.0132974
0.0312286
0.0132159
0.0486962
0.071589
0.0354828
0.0117402
0.0731704
0.104403
0.133117
0.0544475
-0.0212838
-0.0820262
-0.052727
-0.0893489
-0.082576
-0.156318
-0.20428
-0.0330117
-0.0400823
-0.034098
-0.147089
0.0130818
0.0223714
0.0232289
-0.0522032
-0.00539812
-0.0146502
0.00751398
0.0425486
0.0577704
0.0912983
0.0746641
0.0306289
0.0733555
-0.0482767
0.039283
-0.0217549
-0.0651321
-0.107199
-0.0593577
0.00505074
-0.0361703
-0.0354284
0.00272957
-0.156144
-0.0276257
0.0677817
0.064873
0.0258365
0.0561755
-0.000737288
0.00039334
0.0396988
0.130583
0.0720256
0.0608862
0.0351078
0.0746372
-0.0200314
-0.0622694
-0.00266098
-0.0279012
-0.100292
-0.000905088
-0.0431837
-0.0338042
-0.0591875
-0.0819166
-0.0279628
-0.0251467
0.0569069
0.131816
-0.0032833
0.026217
0.0504041
0.015486
-0.00827756
0.161175
-0.0181161
-0.0479701
0.014021
0.0652345
-0.0161136
-0.0704833
-0.0537516
-0.0820276
-0.0311748
-0.100871
-0.0763077
-0.0726056
-0.0432164
-0.0726664
-0.0406552
-0.0913435
-0.0293307
-0.0344352
-0.00451978
0.01356
-0.0275926
-0.0387461
-0.14458
-0.0304068
0.0130834
0.0573337
0.0670135
-0.0306472
-0.0965239
-0.151598
-0.0767176
-0.145873
-0.0549548
-0.131416
-0.0987585
-0.207973
-0.138164
-0.0855203
-0.0282223
-0.0576273
0.0092145
0.00852291
0.0352712
-0.0304951
-0.0455802
0.0197654
0.0582923
0.0297457
-0.0577511
0.0219016
0.037375
0.0499134
-0.0741934
-0.0444639
-0.105954
-0.0952738
-0.0894086
-0.0898717
-0.0637464
-0.0675587
-0.124447
-0.042977
-0.124971
-0.0701767
-0.00291817
-0.0770954
0.019999
0.0816106
0.0578196
-0.028648
0.0401283
0.0673337
0.00717797
0.0422796
0.0232345
0.0309264
-0.113168
-0.0632678
0.000596779
-0.101221
-0.0399422
-0.0397693
-0.148842
-0.00376892
-0.0437423
0.00355272
-0.0829759
-0.154425
0.0859972
0.0485518
-0.0372957
-0.0317749
0.0644673
-0.00908646
0.0581083
0.103136
0.0738062
0.066747
-0.0659455
0.0135619
-0.108938
-0.140611
-0.141255
-0.057442
-0.155965
-0.134142
-0.128555
-0.00568096
-0.12564
-0.127529
-0.185041
-0.0753195
-0.0434584
0.0649535
-0.0353628
-0.0442424
-0.0825319
0.0169856
-0.0117558
-0.0451591
0.0596042
0.00628982
-0.0205034
0.0390044
-0.0364121
-0.0577025
-0.0746621
-0.0586563
-0.0794407
-0.125702
-0.110911
-0.126449
-0.104948
-0.126384
-0.119973
-0.130509
0.0110662
-0.109768
-0.0169701
0.0384745
0.00479915
0.0320834
-0.0500257
0.00706602
-0.0371969
-0.0758096
0.0224819
0.0322255
-0.00483157
-0.0842193
-0.233081
-0.0406184
-0.093127
-0.0617643
-0.103741
-0.0878034
-0.110712
-0.116195
-0.0427619
-0.119964
0.00312579
0.0748265
0.0228711
0.058404
-0.0446109
0.0352386
-0.00847823
-0.112056
-0.0378073
0.0427104
-0.0417359
0.033162
0.0447111
-0.0558442
-0.0611774
-0.0253456
-0.0965439
-0.0111966
-0.20193
-0.152031
-0.137252
-0.0966399
-0.0162689
-0.0636715
0.00138977
-0.0611988
0.049799
-0.0353117
-0.00721787
0.135385
0.0118594
-0.0092375
-0.0406574
0.0153622
0.0191576
-0.0432984
-0.106555
-0.107198
-0.0579024
-0.12099
0.0180039
-0.147364
-0.0342766
-0.120909
-0.0635115
-0.110356
-0.105364
-0.16825
-0.0715767
-0.108535
0.0634077
0.025321
-0.0530106
-0.0879592
0.0347783
-0.0595154
-0.0423621
-0.0350533
-0.0383431
0.0110677
-0.0166099
-0.0693921
-0.0385407
-0.105799
-0.0489271
-0.0678788
-0.0839215
-0.0683203
-0.12895
-0.0800363
-0.0130353
-0.0436792
0.106486
0.0116161
0.00454419
0.0608519
-0.0435079
0.00618796
0.188153
0.0423722
0.112055
-9.07139e-05
0.0138459
-0.030085
-0.0191323
-0.0201375
0.0468534
-0.0442012
0.0278251
0.0413968
-0.074887
-0.098131
0.00402894
-0.0878626
-0.0737243
-0.121934
0.0217799
0.0273903
0.0671767
0.0119649
-0.0221355
-0.0876991
-0.0485906
0.0130982
0.00582124
0.0236796
-0.0140426
0.0370967
0.0233452
-0.129121
-0.132331
-0.0341341
-0.0748046
-0.0815302
-0.193016
0.0465882
-0.107155
-0.0110263
0.0288016
-0.034794
0.0175165
-0.00683503
-0.00481773
0.00124478
0.0648336
0.0645504
-0.0318679
0.00231491
0.00300216
0.0194895
-0.0239191
-0.00670205
-0.0843713
-0.0272886
-0.112793
-0.0958498
-0.0654119
-0.105788
-0.103864
0.0371987
-0.164953
-0.0513548
-0.0778241
-0.0282107
0.0470323
0.100992
0.024496
0.129511
0.113606
0.0144717
0.0480034
-0.0320234
0.102406
0.0324959
-0.0297427
0.0481536
-0.149503
-0.0293495
-0.0684147
-0.0691918
-0.118403
-0.0667872
-0.183587
0.00968895
-0.0791522
-0.0619542
-0.14041
-0.043524
-0.013241
0.0793012
0.0453207
0.0396775
0.000851383
0.0226312
-0.0104187
0.0251745
0.020545
-0.05006
0.0659707
0.0218433
-0.0528867
-0.116012
-0.0970111
-0.0672701
-0.0145159
-0.0378945
0.0888676
-0.0842889
-0.0794706
0.0368556
-0.0438275
-0.117532
0.0100768
0.0207457
0.0300931
0.0811698
0.00483079
-0.00724145
0.0291685
0.0838947
0.0153821
0.0263611
0.0527297
0.0303332
-0.111616
-0.179419
-0.099441
-0.101773
-0.101949
-0.130474
-0.158826
-0.0358323
-0.0564591
-0.0749156
-0.0720509
-0.16446
0.00286285
0.113811
-0.00260996
0.034735
-0.00547623
0.0260775
0.0119907
-0.044069
0.0417967
0.0173007
0.0635369
-0.0364279
-0.0800605
-0.0964378
-0.0821285
-0.0728785
-0.0314457
-0.156573
-0.0256319
-0.074686
-0.0920911
-0.0447507
-0.0331345
-0.0829541
0.0257314
-0.0459137
0.0956451
0.00922894
0.061086
0.046511
-0.0346326
-0.0531392
0.0551936
-0.0307473
0.079635
0.0225742
-0.0932579
0.0389
-0.0400457
0.0229831
-0.0218619
-0.0410643
-0.0538959
-0.0992301
-0.210261
0.0667701
-0.0383847
0.0433527
0.0485436
-0.0261853
0.00714558
0.0118413
-0.0102969
0.0486937
-0.00904633
-0.0289414
0.079967
0.00534504
0.0425769
0.0874596
-0.151107
-0.0265917
-0.0934743
-0.0629079
-0.0567291
-0.0366624
-0.00847123
-0.0372968
-0.00106659
-0.0429161
-0.128559
-0.0373584
0.224862
0.0278382
0.00487989
0.0497683
0.0592787
0.0266811
0.0476284
0.0225829
0.111232
0.0398349
0.0426225
0.0737849
0.00543299
-0.040488
-0.0576462
0.0241568
-0.0947261
-0.0410908
0.0106796
-0.127562
0.00424847
-0.0298355
0.0665371
0.0432153
-0.027698
-0.0349285
-0.015655
0.0250924
0.0100577
0.0809268
0.0624143
0.00495314
0.0422221
0.0692371
0.08783
-0.04942
-0.102013
-0.13026
-0.10041
-0.0821163
-0.033663
-0.0117236
-0.0122292
-0.0860215
-0.074055
-0.107654
-0.0234818
-0.114618
0.0784159
-0.0059097
-0.0246875
-0.0111487
-0.096731
0.014884
0.059892
0.00224101
-0.0476556
0.00223575
0.0620073
0.0313083
-0.051157
-0.0536574
-0.0890809
-0.0123583
-0.150934
0.0404992
-0.0394162
-0.0602275
-0.0872947
-0.168282
-0.0402149
-0.0170118
-0.00447678
-0.0370619
-0.0708761
-0.0440347
0.0366774
0.0238518
0.0226961
0.0216486
0.0435137
0.0214189
0.0940414
0.0389511
-0.0486757
-0.111107
-0.0746969
-0.0936978
-0.0119839
-0.148735
-0.00223301
-0.109
-0.102196
-0.0731891
-0.0309469
-0.180856
0.063843
-0.0151121
-0.0695694
-0.0675657
-0.0144049
-0.0358396
0.0954571
0.0240256
0.106162
-0.00492113
0.0648722
0.0293968
0.0200319
-0.0800642
-0.0749438
-0.00978012
-0.0884371
-0.0753147
-0.0811511
-0.0817577
-0.0578548
-0.0610266
-0.0544814
-0.0803317
0.0370769
-0.0565328
-0.114687
-0.00184859
0.0365443
-0.0955418
0.0259831
0.04535
-0.0350858
-0.0174978
0.0642219
-0.0102964
-0.108927
-0.0973102
-0.122004
-0.149665
-0.156391
0.00493809
-0.135555
-0.0564862
0.0127494
0.00224652
0.0173819
0.120474
0.0566147
0.0320971
0.00657477
0.0427979
0.0978891
-0.0270826
-0.0118258
-0.0052608
0.0440022
-0.000759303
0.0980246
0.104427
-0.0136204
-0.112985
-0.0627792
0.0365665
-0.0149297
-0.0280088
-0.0130054
-0.0506202
-0.0892252
0.0287899
-0.105199
-0.0570896
0.0112157
0.0281208
0.0944153
0.0420726
0.0715473
0.00282417
0.043046
0.0154092
0.0631095
0.104983
0.115552
0.0180582
-0.0472975
-0.0363928
-0.119435
-0.0293437
-0.0609777
-0.0223871
-0.132665
-0.0163123
-0.125318
-0.0386417
-0.0922579
-0.0555564
-0.0299195
-0.0394123
-0.0118909
-0.0558142
0.0366279
0.0867367
-0.050483
0.0652499
-0.10746
-0.00492692
0.020592
-0.00986773
-0.0849338
-0.00573345
0.0240006
-0.0859324
-0.00768264
-0.0636998
-0.0364299
-0.0625041
-0.0776425
-0.0632504
-0.0318204
-0.152681
0.00612717
0.0116413
0.0625503
0.00252085
-0.0138093
0.014732
-0.0925668
0.0109949
0.00958859
-0.00629721
-0.01132
0.00948598
-0.0200573
-0.019953
0.0137225
-0.0833233
-0.0993043
-0.0705991
-0.0915557
-0.0822724
-0.0518857
-0.0330425
0.0109634
-0.015993
0.00891921
-0.0499644
-0.00121471
-0.0291389
0.0573143
0.0772632
0.0987465
0.0645163
-0.0200481
-0.0354118
0.0102077
0.0280617
-0.0835057
-0.0330659
-0.159584
-0.185124
-0.123578
-0.134999
-0.131615
-0.111709
-0.104024
-0.135059
-0.120183
0.00737484
-0.0195175
-0.0309995
-0.0120083
-0.0296414
0.0041469
-0.0136267
-0.00430942
-0.0104899
-0.0726011
0.0101059
0.0255389
-0.173518
-0.159052
-0.100742
-0.0395802
-0.0581721
-0.0176906
-0.100489
-0.0291689
-0.0721016
-0.0776061
-0.00172016
-0.0777744
-0.064136
0.00544322
-0.0435361
-0.0701389
0.079182
-0.0614275
0.0305985
0.0478222
0.0175252
-0.00798421
0.0963059
-0.0484894
-0.0205118
-0.145288
-0.0439686
-0.073707
-0.0598297
-0.109154
-0.122522
-0.0223699
-0.0917422
-0.155531
-0.0877216
-0.165466
-0.113102
0.0638238
0.00995301
0.00259213
0.0134628
0.0180154
-0.00630123
-0.0195856
0.0238886
0.0207876
-0.0344293
-0.00871702
0.0186661
-0.135046
-0.15079
0.0081299
-0.146563
-0.0338905
-0.0125406
0.00631559
-0.0762864
-0.117005
-0.0745208
-0.117894
-0.113927
0.0777842
0.0181737
0.0142031
0.000657317
-0.0374597
-0.0204845
0.040186
0.110213
0.0869747
-0.0433876
0.0347144
-0.0251197
-0.0847537
-0.0571945
-0.0998282
-0.0716197
-0.0625018
-0.0745472
-0.0813987
-0.0915002
-0.10597
-0.039925
-0.0728434
-0.113393
-0.0289283
0.015218
-0.0168499
0.0330916
0.085424
0.0196888
0.0157115
0.00410557
0.0108361
0.0269912
0.0465546
0.00314651
-0.0496851
-0.0890011
-0.0983988
-0.0505135
-0.138061
-0.0139195
-0.011678
-0.0826555
-0.136798
-0.0461447
-0.0241081
-0.084895
0.0253867
0.0048227
-0.0249125
0.0360604
-0.0164183
0.0350404
-0.0836833
0.0148856
0.0451782
0.00152722
0.0337743
-0.0452487
-0.0766458
-0.0797036
-0.0154357
-0.12846
-0.0718237
-0.0159876
-0.0355998
-0.130745
0.00310513
-0.121663
-0.117064
-0.103253
-0.0587319
-0.110873
0.12982
-0.0178751
0.0826781
0.00640523
-0.0300042
-0.00921481
-0.00673028
-0.0178492
0.0959923
-0.0470275
-0.154849
-0.0613381
-0.0164088
-0.0993635
-0.095898
-0.0789867
-0.106475
-0.107222
0.384049
-0.114204
-0.168166
-0.13386
0.0793795
-0.0528382
0.0139209
-0.0299416
-0.0476355
-0.05543
0.0421333
-0.022595
0.048707
0.0238313
0.0923515
-0.0250873
-0.0732482
-0.0367835
0.240303
-0.0743722
-0.0808175
-0.108583
-0.114747
-0.0566206
-0.0471972
-0.0785094
-0.00920666
0.00314353
-0.0257939
0.0320955
0.0562602
0.0467231
0.0537845
-0.00619904
0.0240767
0.0404023
0.181402
-0.0062545
0.0169094
0.0162307
-0.0655807
-0.0579664
-0.0184822
-0.106976
-0.0615319
-0.0631497
-0.0115026
-0.0192592
-0.0308047
-0.069824
-0.11263
-0.0808753
0.0800122
-0.00952616
0.0207457
0.0307043
0.0497555
0.0216066
0.00717175
-0.00742537
-0.0591773
0.0500222
0.00531103
-0.122342
-0.0729618
-0.108901
-0.0866261
-0.0824403
-0.0951111
-0.0937202
-0.102726
-0.0245893
-0.0939509
-0.0416797
-0.00954764
-0.0871466
-0.0517022
-0.0205291
-0.0206268
-0.0427081
0.0812924
0.0249835
0.0377689
0.0342477
0.064982
0.0889546
0.0120258
0.067515
-0.0120054
-0.0925441
-0.0497359
-0.0793903
-0.144207
-0.131438
-0.105505
-0.128238
-0.0985989
-0.10814
-0.0888522
-0.0746921
-0.0273428
0.0341346
0.0607509
-0.0674702
0.0619286
-0.00127001
0.0217119
-0.0130015
0.0509151
-0.00164277
0.0814386
0.0449746
-0.0929438
-0.0387627
-0.0777804
-0.0303813
-0.0723666
-0.0724399
-0.138044
-0.0988851
-0.107065
-0.185562
-0.112388
-0.197005
-0.0398061
0.0361582
0.0554211
0.00977193
0.0243498
-0.0933272
0.0205423
0.0206478
0.0277194
0.0268684
0.057272
-0.0393993
0.182757
-0.289383
-0.0133306
-0.0642127
-0.0919315
-0.0810717
-0.0920578
-0.0892419
0.0263741
-0.114592
-0.105885
-0.0746913
-0.0267105
0.029712
0.00707045
-0.072676
-0.0268876
-0.102855
0.0267817
-0.000994123
-0.0979694
-0.0559467
-0.0243519
-0.0727238
-0.108419
-0.125528
-0.0486757
-0.0555846
-0.0598076
-0.158201
-0.198607
-0.0800176
-0.0360806
-0.168106
-0.0141416
-0.111279
0.0272289
0.057988
-0.0615745
-0.00853314
-0.0556756
0.0463509
0.046207
0.0858301
0.054105
0.0315256
-0.0197042
-0.0372462
-0.0456559
-0.100191
-0.136912
-0.0439408
-0.138127
-0.133121
-0.106022
-0.120993
-0.198039
-0.104
-0.0309691
-0.0415597
-0.0316156
0.0035824
0.043133
0.0516346
0.269431
-0.0754689
0.0372943
0.0639685
-0.0717177
0.0196207
-0.0672368
0.096567
-0.136287
-0.0151116
-0.0217736
-0.0338529
-0.0323047
-0.0656375
-0.0274541
-0.0853095
-0.0363072
-0.00320551
-0.0535329
-0.0603645
-0.0135031
-0.0744947
-0.0136368
-0.0593996
-0.091309
-0.00922457
0.0345619
-0.0153436
0.119657
0.0132757
-0.0367861
0.0123908
-0.0728208
-0.0516677
-0.0320422
-0.0339788
-0.0307005
-0.07563
-0.0887632
-0.0302897
-0.0897341
-0.0290179
-0.0800083
-0.00569568
-0.0697585
0.029147
-0.100352
0.00306416
0.0199608
-0.00299576
0.0164177
0.0390961
0.0986111
-0.0943238
0.0792985
-0.107749
-0.131177
-0.0633675
-0.0470373
-0.134365
-0.0160381
-0.0535509
-0.0635043
-0.0290836
-0.0453025
-0.0500141
-0.0610267
-0.0512476
0.103251
0.0239638
-0.0554755
0.0220955
0.0271967
-0.00137582
0.00870243
0.0255919
-0.0571027
0.114253
0.0258469
0.012219
-0.0199812
0.0189621
-0.125573
-0.114648
-0.0990743
-0.119935
-0.0872207
-0.0515698
0.0358418
0.012725
-0.104467
-0.0536167
0.0877906
-0.0831971
-0.0423709
-0.00323284
0.00793154
0.0189524
-0.0596805
-0.0149167
-0.0519695
-0.00497378
0.0281996
0.039727
-0.0722158
-0.0367239
-0.0336148
-0.0571675
-0.0673404
-0.164424
-0.162239
-0.0734041
-0.120101
-0.0365482
0.0301944
0.054562
-0.0373711
-0.0332336
0.0551866
0.0226052
0.0448243
-0.0217712
-0.0511079
-0.0475004
0.0190091
-0.0575969
-1.24253e-06
-0.0455896
-0.0903419
-0.0999138
-0.0300934
-0.14141
-0.0779789
-0.105002
-0.0915854
-0.0443004
-0.0501415
-0.0469678
-0.10238
-0.134047
-0.0107171
-0.0666856
-0.0219014
-0.039601
0.0621232
-0.11073
0.00800656
-0.0233526
-0.0447815
0.0307876
0.0647444
0.082373
-0.0688911
-0.100774
-0.0286074
-0.126039
-0.117011
-0.126356
-0.142841
-0.075878
0.0171035
-0.0642025
-0.0938046
-0.141111
-0.0618371
0.0345986
-0.0134244
-0.0280612
-0.00659454
0.0354008
-0.0573183
0.0213478
-0.0579821
0.0637244
0.00396748
-0.0888026
-0.102144
-0.0817988
-0.125931
-0.179858
-0.150222
-0.0396383
-0.167355
-0.07179
-0.0651384
-0.043944
-0.0353498
-0.081786
-0.00205908
0.0131353
-0.00691482
-0.0375271
0.00230544
0.00458635
-0.0144772
-0.0656346
0.0253131
0.057188
-0.0145944
-0.0469259
-0.0102743
-0.0276291
-0.0552719
-0.085684
-0.0664568
0.00195284
-0.0503089
-0.0941835
-0.0103519
-0.0131815
-0.0154649
0.00589913
0.0337139
0.0560312
-0.04222
0.0258679
0.0794886
0.125511
0.00429671
0.0440475
-0.129696
0.0650163
0.00711334
0.100601
-0.0641617
0.0975796
-0.151405
-0.0115559
0.0243375
-0.0733082
0.0224969
-0.100264
-0.0405914
-0.0259404
-0.0474615
-0.120688
0.0157949
0.0157915
0.135713
-0.0500316
-0.0618336
-0.116559
-0.0189194
0.035624
0.0576628
-0.00762539
0.100835
-0.00591051
0.0114544
0.0569617
-0.0547892
0.00521365
-0.0633347
0.00912193
-0.118862
-0.0210564
-0.0792052
-0.0107321
-0.005241
-0.0305269
0.019431
-0.0574292
0.0384745
0.0433418
0.0849017
-0.00498271
0.0645522
0.104383
-0.0214811
0.0227695
0.104688
-0.253328
-0.080776
-0.0531298
-0.0375017
-0.0722716
-0.141682
-0.00516143
-0.133059
-0.085935
-0.12174
-0.0369769
-0.0722902
-0.127685
0.025313
-0.0724361
0.0465924
0.0821031
-0.0407068
-0.00552169
0.00688771
0.0079721
0.0136959
-0.0146722
-0.0344868
-0.0502795
-0.0807855
-0.0808234
-0.165756
-0.014083
-0.0952566
-0.148568
-0.0374465
-0.123351
-0.0797376
-0.159978
-0.0954661
-0.141819
0.284228
-0.00451
0.0480789
-0.0939267
0.0147366
0.0753884
-0.0171276
-0.0503413
0.0151083
-0.063486
-0.0129768
-0.0663456
-0.100612
-0.0301287
-0.07887
-0.0711166
-0.053159
-0.0946823
-0.133535
-0.122497
-0.0615281
-0.128726
-0.0589205
-0.0969471
0.103828
-0.130339
-0.00251375
-0.0183917
-0.00364874
-0.0796496
0.0308551
0.157061
-0.088058
0.0336152
-0.0400523
0.0101409
-0.0431956
-0.0454061
-0.0406364
0.0211391
-0.0645769
-0.0387893
-0.0382852
-0.0916134
-0.130521
-0.0787318
-0.0285722
-0.0389691
0.0322849
-0.106751
-0.0752022
-0.072882
-0.0377346
0.042805
0.114021
-0.0410921
0.0164243
-0.0707458
-0.0211594
-0.0326212
-0.114004
-0.167412
-0.163801
-0.0941332
-0.121029
-0.109077
-0.155346
-0.0541793
0.0475542
0.0453777
-0.0427277
-0.125729
0.0515043
-0.0463974
0.0535631
0.0635025
-0.0097025
-0.0181323
0.0258081
-0.0527794
0.0546718
0.037496
0.073452
0.14614
-0.0803824
-0.0658915
-0.012678
-0.146328
-0.0197882
-0.0930031
-0.0539628
-0.126039
-0.0432412
0.0383867
-0.0990534
0.156963
0.162046
0.0100269
-0.0428357
0.0816698
0.0740066
0.051879
-0.000120568
0.0473834
0.0404561
0.00978423
0.135385
-0.002073
-0.0492963
-0.0655097
-0.0590134
-0.0335856
-0.0468804
-0.0396807
-0.144132
-0.0461079
-0.110754
-0.00661562
-0.0508531
-0.0330778
0.098749
0.0182001
-0.0138069
-0.0760561
-0.0701691
-0.0655304
0.00456109
0.0103304
0.0593155
-0.00529398
-0.0188534
0.0754762
-0.0254774
-0.0402073
-0.12782
0.0215211
-0.0347304
-0.149419
-0.0432506
-0.0190341
-0.0663435
0.001407
0.038996
-0.0938883
-0.143093
0.118214
0.00499122
-0.000154903
-0.0230877
0.0185941
-0.0217736
-0.0578191
-0.0128461
-0.00959472
-0.00131578
-0.146957
-0.0579514
-0.12563
-0.112054
-0.0646909
-0.0494827
-0.10289
-0.188729
-0.0560951
0.0235069
-0.0309024
-0.0461681
-0.128113
0.0263763
0.0282232
-0.0111921
0.00144003
-0.0301459
0.0300674
0.0433818
-0.0514419
0.0531525
0.0345687
0.00577307
-0.0129975
-0.0974111
-0.102543
-0.0685386
-0.00786882
-0.0942284
-0.0809581
-0.0963534
-0.116618
-0.0707245
0.0214101
-0.0442446
-0.0642005
-0.13906
0.00737805
-0.00218644
-0.0419018
0.0128474
0.00113186
-0.050908
-0.0218104
0.0434325
-0.0220803
-0.0215088
-0.063257
-0.0843276
-0.139169
-0.170296
-0.0988168
-0.13564
-0.148052
-0.0896297
-0.168802
-0.0942523
-0.0446735
-0.0834451
-0.0831693
-0.0842941
-0.0211033
-0.0252054
-0.0521981
0.0447486
-0.0667609
-0.0496309
-0.0949359
-0.0302505
0.0689129
0.0828448
0.0451447
-0.169452
-0.0910278
-0.133289
-0.0540489
-0.111089
-0.0126439
-0.0715749
-0.235577
-0.157545
-0.129788
-0.0418467
-0.168233
-0.193189
0.0438518
-0.0458056
0.00505074
-0.0299505
-0.0525848
-0.0453572
0.0184703
0.0337892
-0.16685
0.0544568
-0.0553382
-0.0766212
-0.0605057
-0.0855528
-0.109955
-0.0686184
-0.0778934
-0.0734021
-0.10678
-0.0985252
-0.101657
-0.0642201
-0.0507069
-0.0584355
-0.011811
0.104731
-0.0922824
-0.0821605
-0.0694739
-0.0189528
-0.0266036
0.0494432
0.0204646
-0.0636283
0.00170064
-0.0380947
-0.0349659
0.0142126
-0.0483405
0.0308187
-0.0730332
-0.0299245
-0.115228
-0.0524276
-0.0365612
-0.0961478
-0.0507086
-0.0596572
0.0244859
-0.0324808
-0.00916272
0.00406361
-0.0419065
-0.0594328
-0.0369925
-0.118753
-0.100772
-0.0475686
-0.0833995
-0.0874065
-0.111901
-0.029222
-0.101018
-0.0381777
-0.0156919
-0.0586739
-0.0462258
-0.122586
-0.0341705
-0.15273
-0.106988
0.0439484
-0.0612285
0.00432393
0.0515299
-0.034917
0.019118
-0.00903671
-0.061482
-0.0215884
-0.0857721
-0.0684259
-0.0560816
-0.050622
-0.0402909
-0.0202245
-0.0488423
0.0354801
-0.0760526
-0.0127644
-0.14632
-0.0524295
-0.115402
-0.0636968
-0.140358
0.0384745
-0.00848354
0.0255222
-0.0173987
-0.0426491
-0.054867
-0.0451874
-0.0594623
-0.00636547
0.0281008
0.0307152
-0.0520954
-0.0921589
-0.0706971
-0.109412
-0.149861
-0.141439
-0.117904
-0.142035
-0.050911
0.126329
-0.131277
-0.152002
-0.213761
0.00665278
0.0313033
0.0185796
-0.0146874
-0.0646315
0.0877447
0.00319441
0.135175
-0.000795738
0.0162856
0.0132847
0.00225383
0.0329678
-0.0615906
-0.0652071
-0.0960063
-0.107832
-0.0835894
-0.0855177
-0.0419639
-0.0416653
-0.0757353
-0.15018
-0.0838496
-0.0212275
0.0332039
-0.00705069
0.0273944
0.00913709
0.0534546
-0.113436
0.0140197
-0.0806634
0.0164802
-0.011947
0.00679042
-0.128918
-0.0732341
-0.136804
-0.0881124
-0.085762
-0.0143792
-0.109369
0.159165
-0.0604467
-0.013872
-0.0558802
0.00520122
0.00990322
-0.0745094
-0.036962
-0.000493667
-0.00199638
-0.00060714
-0.0168451
-0.0494586
-0.0544694
-0.0354939
-0.107797
0.143637
-0.0145963
-0.118627
-0.188029
-0.063845
-0.104566
-0.0710764
-0.0701239
-0.0933802
-0.0553539
-0.085743
-0.05187
-0.0401876
-0.0518301
-0.0313056
-0.00247496
0.0119866
-0.0773903
-0.0545988
-0.0510709
-0.0422972
-0.00644463
0.0559988
-0.0128673
0.00660485
-0.0798919
-0.071004
-0.126501
-0.0876648
0.0709048
-0.0283581
-0.0609733
-0.0204858
-0.0163646
-0.0955038
-0.0360178
-0.0571796
-0.0788388
-0.0395707
-0.0272171
0.0107531
0.00186769
-0.0426921
-0.00200103
-0.0128725
-0.136532
0.00566817
0.0424667
0.0358155
-0.0308589
-0.104884
-0.0250624
-0.0845735
-0.185534
-0.071561
-0.116844
-0.0995957
-0.0913425
-0.049491
-0.115086
-0.0737184
-0.052802
0.00635692
-0.0558733
-0.0142672
-0.104103
-0.00166372
0.00767617
-0.00567365
-0.008088
-0.0428822
-0.0418917
-0.0485684
-0.0570646
-0.142004
-0.0984709
-0.0844934
-0.107369
-0.137866
-0.0575449
-0.0669025
-0.0685458
-0.0929252
-0.118292
-0.126638
0.00529175
0.00858372
-0.0122654
0.443439
-0.0248599
0.035777
-0.0270553
0.0546114
0.104117
0.109711
-0.111681
-0.14517
-0.12074
-0.0965305
-0.0793712
-0.0957524
-0.104702
-0.0595769
-0.0573133
-0.0985683
-0.103514
-0.0972993
-0.0933923
-0.10972
0.002915
-0.118193
-0.0327794
-0.0122689
-0.0725484
-0.00274152
-0.0767809
-0.0539169
-0.0823139
0.0223995
-0.032633
-0.0820229
-0.129997
-0.0985496
-0.0840615
-0.068761
-0.107259
-0.106245
-0.109827
-0.028986
-0.145747
-0.064265
-0.15002
0.151859
-0.0151167
-0.0160275
-0.0930517
-0.00839517
-0.0168713
-0.0479911
-0.033186
-0.11176
-0.103614
-0.079985
0.0217841
-0.0431956
-0.124729
-0.0718571
-0.160226
-0.0362524
-0.0626188
-0.0902417
-0.178377
-0.0370366
-0.165744
-0.00779215
-0.107461
-0.0851239
0.188237
-0.0561984
-0.114731
-0.0167047
-0.00452776
-0.0985288
-0.104462
-0.010882
-0.0192903
-0.0521362
-0.0623142
-0.0309424
-0.0644141
-0.0489356
-0.147397
-0.1222
-0.172239
-0.0446533
-0.110256
-0.055347
-0.200569
-0.0969989
-0.127597
-0.0793768
-0.107985
-0.0427197
0.0430493
-0.00478158
-0.0585942
-0.0678126
-0.0424153
-0.0914164
-0.0906202
-0.0279771
-0.0234439
-0.0831326
-0.131046
-0.0525177
0.141588
-0.0932057
-0.0513669
-0.0728033
-0.208747
-0.0894832
-0.132645
-0.0218351
-0.0662815
-0.110833
-0.038057
-0.104103
-0.0191323
-0.0349801
-0.0584355
-0.0749121
0.13418
-0.0961968
-0.0173616
-0.0099822
-0.0269054
-0.068312
-0.150918
-0.0610079
-0.103882
-0.107051
-0.049601
-0.125059
-0.231009
-0.0535351
-0.0898119
-0.0554639
-0.108638
-0.116056
-0.037751
-0.0047971
0.0870108
-0.0105896
-0.0151754
0.0617781
-0.00779466
0.044093
-0.0037878
-0.0133658
-0.0226165
0.0131552
-0.130511
-0.0568513
-0.129095
-0.0795972
-0.129972
0.0338965
-0.113927
-0.072939
-0.0678869
-0.120236
-0.0587541
-0.102994
0.0160253
0.212844
-0.0716718
-0.121822
0.0384745
-0.0129219
-0.027136
0.0469903
-0.0351283
0.0264188
0.0290012
-0.0298801
-0.0877772
-0.15306
-0.125936
-0.100728
-0.126276
-0.0117097
-0.0904565
-0.0453182
-0.0672221
-0.0469765
-0.11273
-0.136735
-0.106438
0.00969766
0.0710977
-0.0122967
-0.0681606
0.0567767
-0.0186206
0.00353182
-0.0952925
-0.0498276
-0.0829689
-0.0773972
-0.0441212
-0.0612689
-0.0168446
-0.0954191
-0.093959
-0.0744073
-0.123067
-0.0321668
0.272678
-0.0747785
-0.156203
-0.00124228
-0.122012
-0.0392758
0.0693543
0.040181
-0.0622329
-0.0442798
0.0350815
-0.013282
-0.0202893
-0.0805043
-0.000824396
-0.0687764
-0.232479
0.032109
-0.0552449
-0.0585393
-0.0160748
-0.027758
-0.0107892
-0.0110982
-0.0402991
-0.104303
-0.0787358
0.0368053
-0.0373993
0.171874
0.00949322
-0.0402361
0.105853
0.0835855
-0.114598
0.0153975
-0.074861
0.0281337
0.0288064
0.0454643
-0.101759
-0.0861973
-0.118818
-0.0148659
-0.0825692
-0.0464927
-0.0557496
-0.117763
-0.0348843
0.0163539
-0.110217
-0.00794757
0.0310925
-0.0409372
-0.0184383
0.0325001
-0.0132439
0.00801663
-0.126178
-0.0206705
0.0335769
0.0577602
-0.0164473
0.0674759
-0.0880094
-0.0260006
-0.108536
0.0335849
-0.062932
0.0125817
-0.0774523
-0.125233
-0.094226
-0.0406737
-0.140127
0.0813545
0.0151197
-0.00845038
-0.0552847
0.0490304
0.0159003
-0.0370087
-0.0230872
0.0275637
-0.0338131
0.181897
0.0295739
0.00309644
-0.133076
-0.113998
-0.103396
-0.0601353
-0.0843849
0.0490818
-0.162906
-0.132696
-0.124022
0.0886592
-0.00286027
-0.0181789
-0.0291482
0.00193088
-0.182279
-0.0687355
-0.0482392
0.00633636
-0.0610566
-0.0851502
-0.0711988
0.00171023
-0.00758037
-0.0421152
-0.0791605
-0.0680375
0.016227
-0.0451554
-0.101218
-0.0979097
-0.0437905
-0.0225934
-0.0605414
0.08006
-0.178119
-0.0853955
-0.0518718
-0.00973199
-0.029513
-0.0142692
0.00932558
-0.0307388
0.0129418
-0.010611
-0.0424181
0.0194631
-0.0461943
0.0350125
-0.0746812
-0.110096
-0.0977145
-0.100831
-0.0934579
-0.0521353
-0.0252808
0.0480182
-0.133411
-0.101368
-0.0311201
-0.121196
-0.136195
-0.0827826
0.0509911
-0.0957882
0.0159901
-0.0486295
-0.111931
-0.02539
-0.0308135
-0.0400011
0.0162511
0.00234092
-0.090693
-0.000900029
-0.0925706
0.0278907
-0.08346
-0.123245
-0.134594
-0.128398
-0.117756
-0.0907156
-0.131101
-0.113506
-0.0738403
0.00920953
-0.000939641
0.025021
-0.0167311
-0.0432257
-0.0478853
-0.00523445
-0.0694184
-0.00451402
-0.0810014
0.0196002
-0.0955995
-0.102196
-0.0731025
-0.0448313
-0.191667
-0.15758
-0.0127792
-0.0622396
-0.0765771
-0.0788168
-0.0640512
-0.106359
-0.128648
0.0212252
-0.0707879
0.0436448
-0.0129285
0.0031388
-0.0999458
-0.0176764
-0.045358
-0.0888578
-0.0744051
0.109327
-0.306461
-0.0862205
-0.108287
-0.0822242
-0.0537814
0.127095
-0.046869
-0.0202113
-0.137499
-0.0608318
-0.109617
-0.0564845
0.000878457
0.00935746
-0.0339617
0.0301703
-0.0478609
0.0990625
-0.0155074
-0.0102679
-0.102093
-0.0301212
-0.0201446
0.0308878
-0.107559
-0.0306418
-0.0791092
-0.0556635
-0.0620076
-0.0942149
-0.129007
-0.104916
-0.0759387
-0.093003
0.018665
-0.0883494
-0.0141679
0.00044289
0.00129903
0.024332
-0.0884663
0.0247166
-0.0915819
-0.0489918
-0.16144
-0.0242731
-0.010038
-0.0435851
-0.0458385
-0.0574585
-0.0894844
-0.0296204
-0.125071
-0.14688
-0.0327559
-0.0675812
-0.0400912
-0.0622899
-0.0326656
-0.0528796
-0.0548691
-0.00207404
0.0172402
-0.0171837
0.00598069
-0.0397533
-0.0685099
-0.0359207
0.0911311
-0.117207
-0.184303
-0.0813411
-0.0926077
-0.130815
-0.0527457
-0.0668341
-0.0762734
-0.0731835
0.00438318
-0.027489
-0.116635
-0.109924
-0.145548
-0.0532731
0.0341674
-0.0321294
-0.119968
-0.00784355
0.0803207
-0.0711999
-0.0588625
-0.0590197
-0.0904536
-0.0568848
-0.0911378
-0.0357148
-0.157668
-0.116001
-0.0422535
-0.0592995
-0.0566521
0.000234464
-0.0479886
-0.178654
-0.095334
-0.188154
-0.144158
-0.0597801
-0.0282777
0.00168011
0.164263
-0.0326898
-0.0371518
-0.0138548
0.0873965
0.0271523
-0.0979003
-0.0402629
0.030202
-0.0361591
-0.0722136
-0.0244107
-0.0396086
-0.0841049
-0.0714695
-0.105937
-0.056629
-0.0323922
-0.0579212
0.0487867
-0.0681965
0.0207291
-0.0510025
-0.0377405
0.106017
0.0198051
-0.0434987
0.0552229
-0.128343
-0.0137035
0.00999313
0.0342784
-0.0297232
-0.0482164
-0.0463679
-0.0136651
-0.0618985
-0.0578414
-0.0486757
-0.0494807
-0.10354
-0.0548187
-0.0312266
-0.0218369
-0.114354
-0.0184966
-0.099734
-0.0292932
-0.0478116
0.0218679
-0.0554067
-0.0226121
-0.00901871
0.0982984
-0.0847083
-0.0236734
-0.12225
-0.0516653
-0.241076
-0.0436477
-0.14173
-0.0247896
-0.0927562
-0.036141
-0.117369
-0.11862
-0.0554914
-0.0745881
-0.0296638
0.00718622
0.0400542
0.0253792
0.0629411
-0.0526469
-0.188277
0.0481552
0.000174799
-0.0074719
-0.0943701
0.0168668
0.0441591
-0.0135092
-0.0571235
0.0665497
-0.0494593
-0.0490598
-0.0730947
0.0201133
-0.0972427
-0.0483733
-0.0870795
0.0301211
0.0385512
-0.0497983
-0.0751056
0.0319257
0.00575064
0.0869811
0.0293588
-0.141888
0.0141069
-0.0762618
-0.112069
-0.156588
0.061299
0.00517287
-0.130506
-0.0331874
0.0375256
-0.0668057
-0.0927711
-0.0513279
-0.122007
-0.0637561
-0.093358
-0.097797
-0.0438667
-0.0883006
-0.185228
-0.0207495
0.0381514
0.0207223
-0.0112472
-0.0336926
-0.0695635
-0.104948
-0.045956
-0.00853242
-0.00881119
-0.0411233
-0.0230335
-0.0452718
0.0768445
-0.0462467
0.0721401
-0.0104487
-0.157866
-0.0817057
-0.112514
-0.0805013
-0.17589
-0.111442
0.0298276
0.0350182
-0.0254276
0.0703234
0.0638884
-0.0738385
-0.0353043
0.0294767
0.0124956
-0.0132252
-0.0668687
-0.0100349
-0.0253028
-0.0587325
-0.0533909
-0.0711706
-0.0276389
-0.113197
-0.152532
-0.127501
-0.125707
-0.0658943
-0.0785112
-0.0581211
-0.0641434
-0.0339396
-0.0872561
0.0628599
-0.0690901
-0.0317724
-0.0514215
0.0281885
-0.00140687
-0.0414022
-0.0387728
0.11112
-0.152165
-0.123527
0.0162949
-0.112012
-0.0488547
-0.00738272
-0.178927
-0.0323486
-0.0212042
-0.115249
-0.112736
-0.168675
-0.0372013
0.0856402
-0.106096
-0.0571054
-0.0236389
-0.0504666
0.0305056
-0.0128584
0.00903671
-0.04382
-0.219125
-0.130758
-0.010547
0.0214412
-0.0746426
-0.0845636
-0.0765162
0.0478413
-0.145724
-0.00610765
-0.0368171
0.0277697
-0.159984
-0.102626
-0.0730175
0.0569766
-0.108845
-0.00269773
-0.0834937
0.0667641
0.142318
-0.0810063
-0.0672778
-0.065863
0.0440645
-0.062208
-0.1735
-0.123747
-0.129971
-0.109075
-0.128473
0.0124327
0.0310067
-0.0360398
-0.167429
0.00234097
-0.0910727
-0.0210658
0.0123775
-0.0920322
-0.0476991
-0.0310255
-0.109951
0.122782
0.0637545
-0.00755629
-0.0668013
-0.0571108
-0.0778937
-0.0435512
-0.0478251
-0.00156657
-0.0943521
-0.0894412
-0.140774
-0.00600968
-0.144475
-0.000857257
-0.058962
0.065574
0.0626873
-0.00855904
-0.0326022
-0.0365438
-0.00850188
-0.0285526
-0.0195174
0.0416005
0.00907108
-0.0334547
-0.104193
-0.000122147
0.00294097
0.000199949
-0.0856238
-0.120583
-0.103969
0.0362755
-0.0656379
-0.0936673
-0.095245
-0.0958295
-0.0579427
0.0628928
-0.236974
0.0746671
0.0269382
-0.0216936
0.0390304
0.010955
-0.0637107
-0.000953001
-0.00588658
-0.0252519
-0.0912237
-0.0319386
-0.0795862
-0.0120958
-0.153318
-0.0621286
-0.0297501
-0.0438683
-0.131793
-0.0961406
-0.115487
-0.021635
-0.0831742
-0.0759902
0.000201139
-0.014169
-0.0437531
-0.0615611
-0.0428728
-0.0197615
-0.0494406
-0.0210483
-0.0273428
-0.0112786
0.0421498
0.104852
0.0679558
-0.0966217
-0.0655527
-0.0377153
-0.0529476
-0.152208
-0.13846
-0.043613
-0.0960257
-0.0777139
-0.106907
-0.0610801
-0.0597563
-0.0701116
-0.0412367
-0.0461175
0.0146785
-0.0999728
-0.0223266
-0.139739
-0.0665452
-0.139595
-0.0305065
-0.01545
-0.0446224
0.0135797
-0.0986469
-0.0830241
-0.0857467
-0.0840282
-0.0916805
-0.202263
0.0149587
-0.088125
-0.0511636
-0.0177285
-0.0173454
-0.0194821
-0.00150368
0.0178925
0.0494288
-0.0456749
0.000563689
-0.00193228
-0.0543233
0.0170652
-0.0465112
0.000759968
-0.0199414
0.0355646
-0.146628
-0.104763
-0.0810608
-0.0817028
-0.014596
-0.0817818
-0.0545331
-0.0854801
-0.0919893
-0.0642782
-0.0668943
-0.000342684
0.0316707
0.0176018
0.0699115
-0.0227952
-0.0558255
-0.0225795
-0.0396251
-0.0605729
-0.0493852
-0.00686238
0.0218314
0.00261843
0.0599707
-0.126631
0.108238
-0.135371
-0.168604
-0.20979
-0.147406
-0.0875365
-0.0905739
-0.183239
-0.0944626
-0.143806
-0.0252647
-0.0452615
0.0183232
-0.105214
-0.113238
-0.339382
-0.0470436
-0.0549638
0.0185816
-0.0748145
0.0436563
-0.0633915
-0.164455
-0.0212813
-0.115114
-0.113625
-0.0445824
-0.063423
-0.154708
-0.166891
-0.129197
-0.0922275
-0.0870795
-0.15
0.000341974
-0.0594496
-0.0418464
-0.0468237
-0.0835199
-0.0979282
-0.00505863
-0.0819266
-0.0185147
-0.0511718
-0.105321
-0.124505
-0.0850597
-0.0615878
-0.139645
-0.0996065
-0.155537
-0.123204
-0.108235
-0.189887
-0.0869988
-0.187511
-0.174087
-0.175501
-0.056231
-0.117703
-0.052164
-0.0702044
-0.00897561
-0.0697077
0.096372
-0.120029
-0.0521162
-0.0654506
-0.0526348
-0.0526117
-0.0986685
-0.0864235
-0.191314
-0.0707939
-0.123568
-0.0986217
-0.0709692
-0.0834275
-0.115387
-0.179482
-0.145894
-0.060839
0.0103058
-0.00980066
0.000685902
-0.0575632
-0.058287
-0.0609102
-0.0498526
0.0103389
0.017903
-0.127984
0.0395719
-0.129964
-0.0610706
0.0369692
-0.0288699
-0.0820795
-0.0136978
-0.0469477
-0.106201
-0.100522
-0.0424255
-0.0434754
-0.0191744
-0.121717
-0.063656
0.0438286
-0.00869555
-0.0306064
-0.110704
-0.0364756
-0.105749
0.0445613
-0.00508608
0.122247
0.0446194
0.043172
0.234844
-0.0722122
-0.078108
0.093701
-0.0882626
-0.0931406
-0.0377734
-0.139403
-0.119319
-0.0872423
-0.069206
-0.0760118
0.0561232
-0.0106073
0.0224967
0.0313196
0.028325
-0.0480855
-0.0897043
-0.0222714
-0.018581
0.112925
0.0230403
0.0182064
-0.0618571
-0.0028376
-0.0543382
-0.0796831
-0.0936535
-0.0622296
-0.0978741
0.00411592
-0.0947875
-0.0239824
-0.0185415
-0.137949
-0.0705061
0.0402071
0.120952
0.0976536
-0.0479288
0.043157
-0.0196449
-0.074749
-0.007191
-0.0338131
-0.0349789
-0.00302952
-0.0254785
-0.116048
-0.0491476
-0.0431535
-0.00932736
-0.100171
-0.0725012
0.0964282
-0.0793103
-0.0268248
-0.0482922
-0.0550778
-0.123309
-0.0855564
-0.0282036
0.0391067
-0.107939
0.000928055
-0.0312815
-0.0995879
-0.0197047
-0.155587
-0.0239836
0.0408635
-0.0187535
0.0166684
-0.0235562
-0.141098
-0.134309
-0.0961065
-0.0945319
-0.0874489
0.209334
-0.0503956
-0.0610314
-0.0628798
0.00748233
-0.0278656
-0.0223505
-0.0374041
-0.133222
-0.0481928
-0.00566801
-0.0136949
-0.0872165
-0.072594
-0.0655446
-0.00212541
-0.0833269
-0.0755298
-0.1243
-0.0883534
-0.038625
-0.0826487
-0.105718
-0.0732175
-0.0730488
-0.172652
-0.011689
-0.0747985
0.0857131
-0.016471
-0.0554654
0.0780551
0.0825971
0.00309248
-0.0115301
-0.0749664
-0.0488133
-0.0634555
-0.0326194
-0.141096
-0.0859854
0.0500563
-0.043473
-0.0647173
-0.0905042
-0.0884486
-0.143059
-0.0868837
